1.000000 -0.000008 -0.000030 0.000342 0.000008 1.000000 -0.000012 0.000051 0.000030 0.000012 1.000000 -0.000403
0.999999 0.000806 0.001397 -0.005530 -0.000800 0.999989 -0.004666 -0.002277 -0.001401 0.004665 0.999988 0.957894
0.999996 -0.001444 0.002273 -0.005065 0.001456 0.999984 -0.005451 -0.001904 -0.002265 0.005454 0.999983 1.917762
0.999993 -0.002822 0.002345 -0.007926 0.002826 0.999995 -0.001528 -0.003555 -0.002340 0.001534 0.999996 2.909450
0.999986 -0.004998 0.001747 -0.009156 0.004990 0.999977 0.004509 -0.006169 -0.001769 -0.004500 0.999988 3.878362
0.999963 -0.008588 0.000465 -0.009195 0.008585 0.999953 0.004488 -0.003505 -0.000504 -0.004484 0.999990 4.838992
0.999934 -0.011474 -0.000610 -0.003036 0.011475 0.999933 0.001675 0.001622 0.000591 -0.001682 0.999998 5.726918
0.999928 -0.011913 -0.001548 -0.012768 0.011911 0.999927 -0.001816 0.000120 0.001569 0.001798 0.999997 6.737705
0.999930 -0.011637 -0.002199 -0.022019 0.011632 0.999929 -0.002482 0.002005 0.002228 0.002456 0.999995 7.666830
0.999932 -0.011228 -0.003024 -0.022270 0.011226 0.999937 -0.000549 0.001596 0.003030 0.000515 0.999995 8.526430
0.999932 -0.011071 -0.003766 -0.034427 0.011080 0.999936 0.002483 0.001010 0.003738 -0.002524 0.999990 9.494219
0.999926 -0.011241 -0.004572 -0.044649 0.011259 0.999929 0.003905 0.002925 0.004527 -0.003956 0.999982 10.424808
0.999906 -0.012719 -0.005207 -0.050566 0.012743 0.999908 0.004721 0.006072 0.005146 -0.004787 0.999975 11.351509
0.999899 -0.012859 -0.006006 -0.060454 0.012887 0.999906 0.004699 0.008482 0.005945 -0.004776 0.999971 12.274982
0.999893 -0.013058 -0.006521 -0.067516 0.013078 0.999910 0.003125 0.013463 0.006480 -0.003210 0.999974 13.137283
0.999874 -0.013619 -0.008113 -0.080265 0.013629 0.999906 0.001176 0.012455 0.008096 -0.001286 0.999966 14.098044
0.999840 -0.014981 -0.009724 -0.089168 0.014981 0.999888 -0.000040 0.013592 0.009724 -0.000106 0.999953 14.998977
0.999828 -0.014670 -0.011328 -0.104693 0.014663 0.999892 -0.000692 0.013356 0.011337 0.000526 0.999936 15.908616
0.999829 -0.013272 -0.012840 -0.122548 0.013253 0.999911 -0.001570 0.011185 0.012859 0.001399 0.999916 16.817031
0.999825 -0.011890 -0.014415 -0.143305 0.011868 0.999928 -0.001600 0.010930 0.014433 0.001428 0.999895 17.719521
0.999791 -0.012976 -0.015773 -0.157038 0.012962 0.999916 -0.000976 0.014468 0.015784 0.000771 0.999875 18.561963
0.999782 -0.011816 -0.017214 -0.183232 0.011826 0.999930 0.000516 0.009586 0.017207 -0.000720 0.999852 19.502237
0.999761 -0.011566 -0.018538 -0.206066 0.011589 0.999932 0.001127 0.009170 0.018524 -0.001341 0.999828 20.392892
0.999721 -0.012505 -0.020029 -0.227314 0.012528 0.999921 0.000996 0.008713 0.020015 -0.001247 0.999799 21.280658
0.999685 -0.012599 -0.021687 -0.249697 0.012614 0.999920 0.000559 0.009125 0.021679 -0.000833 0.999765 22.162161
0.999658 -0.012765 -0.022837 -0.264308 0.012782 0.999918 0.000599 0.014830 0.022827 -0.000890 0.999739 22.981619
0.999641 -0.012209 -0.023837 -0.299141 0.012275 0.999921 0.002640 0.014774 0.023803 -0.002932 0.999712 23.854383
0.999605 -0.013261 -0.024767 -0.316056 0.013399 0.999896 0.005425 0.015175 0.024693 -0.005754 0.999679 24.703369
0.999591 -0.013173 -0.025376 -0.342180 0.013355 0.999886 0.007003 0.016804 0.025281 -0.007339 0.999653 25.550155
0.999586 -0.012479 -0.025933 -0.362166 0.012629 0.999904 0.005647 0.021411 0.025860 -0.005972 0.999648 26.340331
0.999579 -0.010917 -0.026865 -0.391575 0.011008 0.999934 0.003238 0.019708 0.026828 -0.003532 0.999634 27.184366
0.999571 -0.010346 -0.027388 -0.425913 0.010390 0.999945 0.001445 0.023576 0.027371 -0.001729 0.999624 27.996860
0.999544 -0.009859 -0.028543 -0.449557 0.009893 0.999950 0.001063 0.025215 0.028531 -0.001345 0.999592 28.790928
0.999516 -0.010818 -0.029175 -0.475563 0.010835 0.999941 0.000405 0.027091 0.029169 -0.000721 0.999574 29.561734
0.999449 -0.009813 -0.031711 -0.505759 0.009812 0.999952 -0.000181 0.019746 0.031712 -0.000130 0.999497 30.360342
0.999391 -0.009646 -0.033547 -0.536334 0.009638 0.999953 -0.000385 0.022033 0.033549 0.000062 0.999437 31.123329
0.999323 -0.009676 -0.035505 -0.567724 0.009707 0.999953 0.000707 0.023414 0.035496 -0.001051 0.999369 31.890621
0.999241 -0.009905 -0.037676 -0.595686 0.010024 0.999945 0.002951 0.027388 0.037644 -0.003326 0.999286 32.661710
0.999181 -0.008897 -0.039464 -0.629734 0.009088 0.999948 0.004650 0.021483 0.039420 -0.005004 0.999210 33.382418
0.999113 -0.007721 -0.041388 -0.665072 0.007925 0.999957 0.004781 0.026021 0.041350 -0.005104 0.999132 34.123167
0.999056 -0.004919 -0.043167 -0.708503 0.005092 0.999979 0.003905 0.027384 0.043147 -0.004121 0.999060 34.834519
0.998984 -0.003387 -0.044941 -0.747588 0.003536 0.999989 0.003235 0.029376 0.044930 -0.003390 0.998984 35.548983
0.998912 -0.003054 -0.046534 -0.785379 0.003259 0.999985 0.004342 0.032441 0.046520 -0.004489 0.998907 36.254797
0.998872 -0.003344 -0.047370 -0.823385 0.003636 0.999975 0.006064 0.036982 0.047348 -0.006229 0.998859 36.948157
0.998861 0.001134 -0.047695 -0.861410 -0.000803 0.999975 0.006967 0.033615 0.047702 -0.006921 0.998838 37.650087
0.998910 0.004308 -0.046487 -0.905478 -0.004087 0.999980 0.004860 0.034973 0.046507 -0.004665 0.998907 38.326138
0.998979 0.005900 -0.044786 -0.941211 -0.005826 0.999981 0.001781 0.035936 0.044796 -0.001518 0.998995 38.981770
0.999071 0.006476 -0.042600 -0.972284 -0.006487 0.999979 -0.000118 0.039995 0.042598 0.000394 0.999092 39.631462
0.999190 0.007623 -0.039508 -1.000678 -0.007602 0.999971 0.000681 0.042175 0.039512 -0.000380 0.999219 40.279731
0.999268 0.012422 -0.036175 -1.036312 -0.012302 0.999918 0.003525 0.039276 0.036216 -0.003077 0.999339 40.923889
0.999330 0.016480 -0.032672 -1.062803 -0.016260 0.999843 0.006990 0.043076 0.032782 -0.006454 0.999442 41.596013
0.999370 0.021673 -0.028087 -1.092590 -0.021456 0.999738 0.008015 0.042133 0.028254 -0.007408 0.999573 42.162057
0.999426 0.025310 -0.022503 -1.123878 -0.025131 0.999651 0.008167 0.051043 0.022702 -0.007597 0.999713 42.763911
0.999437 0.028944 -0.016951 -1.126431 -0.028775 0.999535 0.010116 0.053587 0.017236 -0.009623 0.999805 43.330221
0.999380 0.033682 -0.010278 -1.141032 -0.033565 0.999372 0.011343 0.056137 0.010653 -0.010991 0.999883 43.886853
0.999314 0.036910 -0.003113 -1.151968 -0.036874 0.999260 0.010939 0.059473 0.003514 -0.010817 0.999935 44.426260
0.999171 0.040496 0.004236 -1.156692 -0.040540 0.999116 0.011101 0.058595 -0.003783 -0.011264 0.999929 44.942007
0.998964 0.043782 0.012438 -1.154924 -0.043910 0.998984 0.010182 0.064868 -0.011979 -0.010718 0.999871 45.384793
0.998598 0.049195 0.019532 -1.156483 -0.049359 0.998749 0.008031 0.063853 -0.019112 -0.008984 0.999777 45.918288
0.998317 0.051106 0.027404 -1.142641 -0.051257 0.998674 0.004816 0.066923 -0.027122 -0.006213 0.999613 46.362174
0.998045 0.051568 0.035325 -1.127699 -0.051762 0.998649 0.004584 0.068345 -0.035040 -0.006404 0.999365 46.790502
0.997765 0.050862 0.043334 -1.106996 -0.051170 0.998672 0.006021 0.068162 -0.042970 -0.008225 0.999043 47.195136
0.997294 0.052603 0.051352 -1.086216 -0.053014 0.998571 0.006683 0.070081 -0.050927 -0.009388 0.998658 47.580002
0.996633 0.055695 0.060167 -1.066633 -0.056202 0.998397 0.006764 0.072410 -0.059694 -0.010122 0.998165 47.937939
0.995789 0.060497 0.068880 -1.044407 -0.061073 0.998113 0.006293 0.070551 -0.068370 -0.010473 0.997605 48.271791
0.994877 0.064175 0.078112 -1.028427 -0.064863 0.997874 0.006305 0.069167 -0.077541 -0.011339 0.996925 48.586656
0.994137 0.063655 0.087409 -0.995999 -0.064518 0.997891 0.007086 0.064946 -0.086773 -0.012684 0.996147 48.868475
0.993225 0.062399 0.098037 -0.959834 -0.063210 0.997987 0.005188 0.063736 -0.097516 -0.011350 0.995169 49.149157
0.992041 0.061254 0.110010 -0.925891 -0.061706 0.998094 0.000699 0.061899 -0.109758 -0.007482 0.993930 49.422060
0.990502 0.061299 0.123074 -0.878948 -0.061298 0.998112 -0.003798 0.065146 -0.123075 -0.003783 0.992390 49.551417
0.988336 0.063525 0.138407 -0.844100 -0.063372 0.997975 -0.005517 0.060654 -0.138477 -0.003318 0.990360 49.951108
0.985840 0.064853 0.154643 -0.797983 -0.064564 0.997890 -0.006894 0.061151 -0.154763 -0.003188 0.987946 50.204299
0.982998 0.065785 0.171427 -0.735570 -0.065358 0.997829 -0.008137 0.056299 -0.171590 -0.003206 0.985163 50.471720
0.979724 0.064915 0.189544 -0.674467 -0.064306 0.997886 -0.009368 0.056011 -0.189751 -0.003011 0.981828 50.730556
0.975841 0.063821 0.208951 -0.608675 -0.063173 0.997955 -0.009778 0.054289 -0.209148 -0.003658 0.977877 50.986152
0.971304 0.063899 0.229098 -0.537267 -0.063036 0.997950 -0.011091 0.052661 -0.229337 -0.003668 0.973340 51.230240
0.965936 0.065989 0.250226 -0.460967 -0.064709 0.997815 -0.013349 0.050950 -0.250560 -0.003298 0.968095 51.481274
0.959690 0.067107 0.272933 -0.377840 -0.065325 0.997742 -0.015620 0.050622 -0.273365 -0.002839 0.961906 51.734748
0.952369 0.068203 0.297223 -0.282758 -0.066223 0.997664 -0.016739 0.044184 -0.297671 -0.003741 0.954661 51.975604
0.943767 0.070978 0.322902 -0.184425 -0.068994 0.997462 -0.017602 0.036811 -0.323331 -0.005667 0.946269 52.220645
0.933846 0.072891 0.350170 -0.074421 -0.070816 0.997313 -0.018745 0.030669 -0.350596 -0.007293 0.936499 52.476987
0.922834 0.073764 0.378069 0.039013 -0.071398 0.997241 -0.020292 0.019124 -0.378523 -0.008267 0.925555 52.499896
0.910081 0.070972 0.408308 0.191570 -0.067775 0.997451 -0.022311 0.025421 -0.408850 -0.007368 0.912572 52.956012
0.895183 0.068833 0.440351 0.343011 -0.064518 0.997609 -0.024782 0.009079 -0.441004 -0.006226 0.897484 53.168665
0.877810 0.068138 0.474138 0.506920 -0.061687 0.997669 -0.029169 0.004085 -0.475021 -0.003643 0.879967 53.418516
0.858288 0.069998 0.508372 0.688438 -0.060992 0.997546 -0.034380 -0.002531 -0.509531 -0.001498 0.860451 53.671582
0.836571 0.072113 0.543091 0.890813 -0.060756 0.997396 -0.038849 -0.014935 -0.544479 -0.000496 0.838774 53.915713
0.812086 0.074901 0.578710 1.110269 -0.061597 0.997190 -0.042627 -0.022630 -0.580277 -0.001030 0.814418 54.173617
0.784842 0.079168 0.614618 1.261993 -0.064621 0.996854 -0.045885 -0.043233 -0.616317 -0.003705 0.787490 54.091874
0.755128 0.083307 0.650263 1.585482 -0.068060 0.996495 -0.048628 -0.055992 -0.652035 -0.007536 0.758151 54.577554
0.722179 0.084621 0.686511 1.865449 -0.067953 0.996367 -0.051331 -0.073788 -0.688360 -0.009580 0.725306 54.831960
0.685323 0.082106 0.723596 2.150499 -0.063962 0.996570 -0.052502 -0.080356 -0.725425 -0.010302 0.688224 55.070230
0.646161 0.080725 0.758920 2.476038 -0.060985 0.996672 -0.054090 -0.099265 -0.760760 -0.011332 0.648934 55.311240
0.603575 0.080149 0.793267 2.683207 -0.059327 0.996691 -0.055562 -0.130153 -0.795096 -0.013526 0.606333 55.140076
0.557534 0.079145 0.826373 3.207272 -0.054669 0.996785 -0.058582 -0.135745 -0.828352 -0.012515 0.560068 55.746268
0.509603 0.078607 0.856811 3.644811 -0.051995 0.996811 -0.060526 -0.163200 -0.858837 -0.013706 0.512065 55.964840
0.460951 0.076938 0.884084 4.115324 -0.050171 0.996901 -0.060597 -0.183746 -0.886006 -0.016423 0.463383 56.173645
0.411499 0.074752 0.908339 4.616551 -0.049729 0.996988 -0.059518 -0.205371 -0.910052 -0.020680 0.413977 56.366811
0.359985 0.074919 0.929945 4.776477 -0.052683 0.996812 -0.059913 -0.233918 -0.931469 -0.027425 0.362784 56.155382
0.312639 0.074009 0.946984 5.609776 -0.049441 0.996877 -0.061586 -0.267308 -0.948584 -0.027565 0.315322 56.597585
0.264710 0.071173 0.961698 6.119482 -0.038349 0.997261 -0.063249 -0.291102 -0.963565 -0.020138 0.266714 56.714924
0.220786 0.065163 0.973143 6.680108 -0.024572 0.997821 -0.061241 -0.320770 -0.975013 -0.010391 0.221906 56.801155
0.179200 0.064277 0.981711 7.273666 -0.015334 0.997925 -0.062540 -0.349119 -0.983693 -0.003846 0.179814 56.848489
0.141319 0.065847 0.987772 7.890988 -0.011454 0.997827 -0.064878 -0.368919 -0.989898 -0.002145 0.141767 56.893423
0.106320 0.067224 0.992057 7.661226 -0.004108 0.997733 -0.067169 -0.394565 -0.994324 0.003066 0.106355 56.487573
0.079603 0.063996 0.994770 9.065254 0.005718 0.997891 -0.064654 -0.439050 -0.996810 0.010835 0.079069 56.851385
0.054051 0.062382 0.996588 9.575283 0.011291 0.997945 -0.063080 -0.492065 -0.998474 0.014661 0.053235 56.880104
0.034235 0.061488 0.997521 10.220328 0.016210 0.997940 -0.062070 -0.519341 -0.999282 0.018294 0.033168 56.881157
0.018498 0.063256 0.997826 10.898197 0.019220 0.997790 -0.063610 -0.546286 -0.999644 0.020355 0.017241 56.883526
0.005257 0.063093 0.997994 11.601902 0.020391 0.997793 -0.063187 -0.575635 -0.999778 0.020682 0.003959 56.877739
-0.008003 0.065269 0.997836 11.289372 0.018727 0.997702 -0.065110 -0.606722 -0.999793 0.018165 -0.009207 56.568993
-0.016093 0.067006 0.997623 12.870666 0.026216 0.997437 -0.066570 -0.662114 -0.999527 0.025082 -0.017808 56.773853
-0.022699 0.069105 0.997351 13.510350 0.029070 0.997232 -0.068435 -0.708497 -0.999320 0.027439 -0.024645 56.767110
-0.027308 0.068441 0.997281 14.234142 0.029707 0.997268 -0.067627 -0.745515 -0.999186 0.027779 -0.029266 56.744714
-0.030970 0.065704 0.997358 14.959221 0.027391 0.997518 -0.064864 -0.782811 -0.999145 0.025310 -0.032693 56.733882
-0.033474 0.058824 0.997707 15.703753 0.025465 0.997993 -0.057986 -0.820927 -0.999115 0.023465 -0.034905 56.714784
-0.035801 0.054517 0.997871 15.079741 0.025362 0.998239 -0.053627 -0.802528 -0.999037 0.023388 -0.037121 56.404146
-0.035418 0.051209 0.998060 17.047920 0.028808 0.998324 -0.050200 -0.902729 -0.998957 0.026974 -0.036833 56.591789
-0.035268 0.053419 0.997949 17.697229 0.031148 0.998144 -0.052329 -0.957454 -0.998892 0.029239 -0.036866 56.578971
-0.034499 0.060830 0.997552 18.454166 0.032102 0.997698 -0.059729 -0.991715 -0.998889 0.029963 -0.036372 56.550885
-0.032190 0.068864 0.997107 19.238931 0.032893 0.997156 -0.067806 -1.026927 -0.998940 0.030615 -0.034363 56.526898
-0.030107 0.069605 0.997120 20.030608 0.033775 0.997074 -0.068582 -1.063901 -0.998976 0.031613 -0.032370 56.507439
-0.028061 0.065283 0.997472 20.870126 0.033088 0.997379 -0.064346 -1.109189 -0.999058 0.031199 -0.030147 56.490964
-0.026232 0.059574 0.997879 20.352893 0.032376 0.997750 -0.058715 -1.084113 -0.999131 0.030767 -0.028101 56.265096
-0.022585 0.057384 0.998097 22.295015 0.030549 0.997925 -0.056683 -1.205309 -0.999278 0.029210 -0.024291 56.412344
-0.019256 0.062794 0.997841 23.001014 0.038191 0.997344 -0.062026 -1.252338 -0.999085 0.036914 -0.021603 56.389276
-0.015895 0.068383 0.997532 23.807323 0.039769 0.996912 -0.067707 -1.298852 -0.999082 0.038595 -0.018565 56.375476
-0.013539 0.068992 0.997525 24.612740 0.033768 0.997079 -0.068503 -1.341766 -0.999338 0.032757 -0.015830 56.377641
-0.010170 0.065376 0.997809 25.430069 0.029419 0.997448 -0.065053 -1.390928 -0.999515 0.028693 -0.012068 56.382672
-0.005442 0.061751 0.998077 26.231662 0.033644 0.997538 -0.061534 -1.443438 -0.999419 0.033244 -0.007506 56.372225
-0.001920 0.062764 0.998027 27.044410 0.038506 0.997293 -0.062644 -1.495792 -0.999257 0.038309 -0.004332 56.366344
-0.000015 0.068195 0.997672 26.131316 0.038147 0.996946 -0.068145 -1.422822 -0.999272 0.038057 -0.002617 56.184869
0.004370 0.068405 0.997648 28.249448 0.034972 0.997037 -0.068516 -1.565657 -0.999379 0.035189 0.001965 56.309878
0.007817 0.067975 0.997656 28.898760 0.033817 0.997098 -0.068202 -1.607881 -0.999397 0.034271 0.005495 56.328613
0.011581 0.064841 0.997828 29.712941 0.038102 0.997142 -0.065239 -1.658759 -0.999207 0.038775 0.009077 56.331583
0.015139 0.065360 0.997747 30.516836 0.042535 0.996916 -0.065951 -1.713170 -0.998980 0.043438 0.012312 56.340065
0.018668 0.066227 0.997630 31.320311 0.045413 0.996718 -0.067016 -1.762460 -0.998794 0.046556 0.015599 56.352702
0.021330 0.066155 0.997581 32.136557 0.045973 0.996688 -0.067079 -1.810933 -0.998715 0.047293 0.018218 56.373632
0.024168 0.065131 0.997584 31.712327 0.046933 0.996701 -0.066210 -1.775327 -0.998606 0.048419 0.021032 56.278421
0.028431 0.063876 0.997553 33.274339 0.049205 0.996657 -0.065221 -1.881040 -0.998384 0.050939 0.025193 56.353068
0.031405 0.064366 0.997432 33.929041 0.047532 0.996699 -0.065815 -1.913976 -0.998376 0.049477 0.028242 56.374474
0.034509 0.066097 0.997216 34.744573 0.044835 0.996704 -0.067614 -1.963810 -0.998398 0.047044 0.031431 56.407790
0.037294 0.066119 0.997115 35.555120 0.046670 0.996605 -0.067831 -2.013492 -0.998214 0.049065 0.034082 56.439258
0.039993 0.065796 0.997031 36.362891 0.044388 0.996728 -0.067557 -2.067255 -0.998214 0.046958 0.036942 56.476167
0.042237 0.066155 0.996915 37.178080 0.042515 0.996783 -0.067948 -2.116442 -0.998203 0.045254 0.039289 56.517778
0.045076 0.066158 0.996790 38.014318 0.039713 0.996897 -0.067961 -2.171439 -0.998194 0.042649 0.042309 56.562101
0.047662 0.068423 0.996517 37.506901 0.038380 0.996789 -0.070278 -2.132618 -0.998126 0.041596 0.044883 56.518016
0.051439 0.071733 0.996097 39.267083 0.036889 0.996600 -0.073674 -2.254689 -0.997995 0.040535 0.048618 56.624724
0.054898 0.074043 0.995743 39.870431 0.037334 0.996397 -0.076150 -2.290900 -0.997794 0.041355 0.051936 56.658181
0.057783 0.076337 0.995406 40.698167 0.031139 0.996449 -0.078225 -2.345765 -0.997843 0.035516 0.055201 56.718259
0.060402 0.075502 0.995315 41.527054 0.027577 0.996628 -0.077275 -2.403776 -0.997793 0.032115 0.058116 56.779839
0.064035 0.076093 0.995042 42.346951 0.029647 0.996504 -0.078113 -2.464485 -0.997507 0.034502 0.061555 56.835071
0.067358 0.077073 0.994748 42.489011 0.028431 0.996459 -0.079130 -2.484175 -0.997324 0.033612 0.064929 56.837455
0.070976 0.077958 0.994427 43.754402 0.024685 0.996499 -0.079883 -2.572805 -0.997173 0.030217 0.068803 56.944111
0.075076 0.076031 0.994275 44.603553 0.023712 0.996671 -0.078004 -2.630959 -0.996896 0.029433 0.073023 57.021306
0.079962 0.075947 0.993900 45.296660 0.024058 0.996656 -0.078093 -2.681989 -0.996508 0.030156 0.077868 57.070388
0.084898 0.079461 0.993216 46.117976 0.020638 0.996461 -0.081484 -2.744595 -0.996176 0.027415 0.082957 57.148870
0.091048 0.088090 0.991943 46.940797 0.019023 0.995744 -0.090173 -2.807699 -0.995665 0.027080 0.088985 57.231552
0.098404 0.092965 0.990795 46.957101 0.017376 0.995315 -0.095115 -2.820112 -0.994995 0.026576 0.096327 57.265811
0.105434 0.095711 0.989810 48.496158 0.012748 0.995146 -0.097585 -2.943364 -0.994345 0.022907 0.103702 57.415035
0.112549 0.094087 0.989182 49.268118 0.008824 0.995373 -0.095680 -3.013046 -0.993607 0.019497 0.111198 57.515319
0.120132 0.092463 0.988443 50.116269 0.008694 0.995517 -0.094181 -3.087141 -0.992720 0.019907 0.118789 57.624180
0.127439 0.089036 0.987842 50.955016 0.008002 0.995838 -0.090789 -3.159611 -0.991814 0.019474 0.126197 57.736751
0.134880 0.083686 0.987322 51.799696 0.005998 0.996340 -0.085270 -3.226684 -0.990844 0.017423 0.133884 57.859475
0.141854 0.076029 0.986964 51.639472 0.003754 0.996998 -0.077342 -3.226331 -0.989880 0.014677 0.141143 57.896429
0.149684 0.073285 0.986014 53.257264 0.003428 0.997205 -0.074637 -3.351686 -0.988728 0.014552 0.149014 58.097428
0.156892 0.075279 0.984743 54.016264 0.003498 0.997042 -0.076776 -3.405956 -0.987610 0.015490 0.156164 58.227359
0.162752 0.081958 0.983257 54.829373 0.004191 0.996478 -0.083753 -3.466958 -0.986658 0.017752 0.161836 58.367076
0.167876 0.085532 0.982090 55.638958 0.002897 0.996182 -0.087255 -3.530171 -0.985804 0.017493 0.166988 58.511666
0.172553 0.088603 0.981007 55.618700 0.001547 0.995920 -0.090222 -3.541387 -0.984999 0.017086 0.171712 58.587887
0.177783 0.088066 0.980121 56.750832 -0.001017 0.996004 -0.089308 -3.638317 -0.984069 0.014881 0.177162 58.773353
0.183109 0.085193 0.979394 57.479377 0.003039 0.996184 -0.087221 -3.700067 -0.983088 0.018947 0.182152 58.909435
0.187681 0.078546 0.979085 58.274124 0.003786 0.996732 -0.080688 -3.762101 -0.982223 0.018851 0.186770 59.062857
0.190769 0.072485 0.978955 59.056467 0.001435 0.997248 -0.074119 -3.824476 -0.981634 0.015544 0.190140 59.221307
0.194231 0.069202 0.978512 59.617128 -0.001855 0.997533 -0.070179 -3.864084 -0.980954 0.011816 0.193880 59.368110
0.197036 0.069189 0.977952 60.331509 -0.004410 0.997559 -0.069688 -3.921119 -0.980386 0.009418 0.196860 59.518449
0.199148 0.071365 0.977367 60.954067 -0.006206 0.997417 -0.071564 -3.965603 -0.979950 0.008186 0.199077 59.660470
0.200502 0.075673 0.976766 61.679889 -0.010397 0.997121 -0.075115 -4.021167 -0.979638 0.004906 0.200712 59.821687
0.202593 0.079732 0.976012 62.393145 -0.011543 0.996805 -0.079035 -4.077318 -0.979195 0.004746 0.202866 59.974590
0.205124 0.085516 0.974993 63.040143 -0.011285 0.996316 -0.085013 -4.123954 -0.978671 0.006436 0.205334 60.125034
0.206555 0.087397 0.974524 63.777968 -0.010730 0.996145 -0.087062 -4.183983 -0.978376 0.007527 0.206696 60.286087
0.207697 0.087240 0.974295 64.382447 -0.013417 0.996175 -0.086339 -4.238727 -0.978101 0.004860 0.208073 60.429408
0.208336 0.084324 0.974415 65.058637 -0.013404 0.996429 -0.083364 -4.296411 -0.977965 0.004306 0.208722 60.578871
0.209030 0.081721 0.974489 65.722834 -0.013393 0.996648 -0.080706 -4.354644 -0.977818 0.003818 0.209423 60.725888
0.208857 0.080591 0.974620 66.533765 -0.012250 0.996736 -0.079795 -4.418111 -0.977869 0.004726 0.209163 60.885844
0.207644 0.079911 0.974935 66.975136 -0.012665 0.996794 -0.079006 -4.453208 -0.978123 0.004058 0.207990 60.991053
0.205576 0.080820 0.975298 67.582864 -0.014370 0.996726 -0.079567 -4.507085 -0.978536 0.002342 0.206064 61.130472
0.203342 0.083643 0.975529 68.202264 -0.015074 0.996494 -0.082298 -4.558257 -0.978992 0.002029 0.203890 61.264568
0.201033 0.087539 0.975665 68.813274 -0.013570 0.996152 -0.086581 -4.612360 -0.979490 0.004166 0.201448 61.393120
0.199795 0.087920 0.975885 69.609694 -0.010825 0.996103 -0.087525 -4.673788 -0.979778 0.006923 0.199968 61.537429
0.197420 0.087113 0.976441 70.087338 -0.011735 0.996183 -0.086502 -4.714678 -0.980249 0.005619 0.197689 61.655568
0.194948 0.084072 0.977204 70.657477 -0.011745 0.996448 -0.083385 -4.762345 -0.980743 0.004779 0.195243 61.773506
0.193087 0.080105 0.977906 71.626852 -0.011608 0.996778 -0.079359 -4.843236 -0.981113 0.003972 0.193395 61.927579
0.190608 0.078906 0.978490 71.956768 -0.007800 0.996855 -0.078867 -4.877095 -0.981635 0.007401 0.190624 62.020849
0.188846 0.080416 0.978709 72.514656 -0.004328 0.996700 -0.081059 -4.920183 -0.981997 0.011072 0.188571 62.123495
0.186344 0.082524 0.979013 73.063643 -0.000221 0.996470 -0.083953 -4.961999 -0.982485 0.015427 0.185704 62.224647
0.184753 0.084280 0.979165 73.605804 -0.000716 0.996327 -0.085622 -5.005715 -0.982785 0.015118 0.184135 62.328005
0.183389 0.086799 0.979201 74.148925 -0.001088 0.996112 -0.088094 -5.050654 -0.983040 0.015090 0.182771 62.435483
0.182758 0.085389 0.979443 74.792740 0.000528 0.996213 -0.086949 -5.100264 -0.983158 0.016408 0.182021 62.535192
0.183166 0.083856 0.979499 75.449773 0.006448 0.996232 -0.086494 -5.153001 -0.983061 0.022159 0.181935 62.654466
0.185595 0.082065 0.979194 76.009652 0.011643 0.996253 -0.085702 -5.195904 -0.982557 0.027307 0.183944 62.754851
0.187486 0.081401 0.978888 76.557922 0.014557 0.996221 -0.085631 -5.239767 -0.982159 0.030304 0.185593 62.858622
0.190751 0.081059 0.978286 77.109413 0.011978 0.996318 -0.084889 -5.287122 -0.981565 0.027911 0.189078 62.976713
0.196033 0.081870 0.977174 77.674991 0.010461 0.996277 -0.085569 -5.332216 -0.980541 0.026996 0.194447 63.097426
0.203185 0.080407 0.975833 78.120689 0.011678 0.996353 -0.084529 -5.370830 -0.979071 0.028571 0.201505 63.182141
0.210358 0.080863 0.974274 78.849450 0.010130 0.996340 -0.084881 -5.421306 -0.977572 0.027725 0.208769 63.346004
0.218756 0.078730 0.972598 79.461318 0.010380 0.996496 -0.082999 -5.469383 -0.975724 0.028252 0.217172 63.489970
0.227680 0.078458 0.970570 80.036168 0.006712 0.996598 -0.082137 -5.517095 -0.973713 0.025216 0.226379 63.634854
0.237317 0.078100 0.968288 80.626386 0.005697 0.996634 -0.081782 -5.562766 -0.971415 0.024925 0.236074 63.790165
0.246789 0.082066 0.965588 81.213402 0.000126 0.996405 -0.084717 -5.607932 -0.969069 0.021029 0.245892 63.957751
0.256224 0.084216 0.962942 81.797933 -0.003174 0.996265 -0.086286 -5.652191 -0.966612 0.019052 0.255535 64.124593
0.267288 0.086772 0.959702 82.194583 -0.007252 0.996090 -0.088043 -5.682019 -0.963589 0.016573 0.266873 64.268580
0.277516 0.088610 0.956626 82.992906 -0.008737 0.995929 -0.089716 -5.753472 -0.960681 0.016540 0.277160 64.485030
0.287252 0.089408 0.953673 83.599846 -0.011890 0.995890 -0.089785 -5.803253 -0.957781 0.014452 0.287135 64.683316
0.297692 0.089812 0.950428 84.277598 -0.012491 0.995846 -0.090191 -5.855883 -0.954580 0.014977 0.297577 64.907917
0.307795 0.090881 0.947102 84.926317 -0.016719 0.995791 -0.090120 -5.905270 -0.951306 0.011904 0.308019 65.135917
0.318402 0.085933 0.944053 85.578011 -0.016198 0.996231 -0.085220 -5.959111 -0.947818 0.011843 0.318593 65.363950
0.329327 0.078915 0.940912 86.256274 -0.012669 0.996781 -0.079166 -6.010654 -0.944131 0.014151 0.329267 65.596817
0.340169 0.074309 0.937424 86.511205 -0.011049 0.997120 -0.075031 -6.028777 -0.940299 0.015165 0.340010 65.762752
0.350225 0.071361 0.933943 87.507909 -0.011898 0.997352 -0.071744 -6.102619 -0.936590 0.014015 0.350147 66.098418
0.359745 0.068875 0.930505 88.204757 -0.005498 0.997411 -0.071702 -6.148268 -0.933034 0.020678 0.359193 66.373581
0.368497 0.063633 0.927448 88.916170 0.000783 0.997633 -0.068760 -6.187154 -0.929629 0.026064 0.367575 66.646975
0.375565 0.054156 0.925212 89.644863 0.010541 0.997977 -0.062694 -6.228886 -0.926736 0.033298 0.374234 66.934582
0.382667 0.049678 0.922550 90.375636 0.016024 0.998046 -0.060390 -6.275024 -0.923748 0.037892 0.381123 67.235851
0.389797 0.049490 0.919570 90.872949 0.017615 0.997972 -0.061176 -6.306202 -0.920732 0.040045 0.388135 67.479399
0.397494 0.055896 0.915901 91.699185 0.019679 0.997394 -0.069410 -6.362344 -0.917394 0.045614 0.395359 67.827429
0.404688 0.060441 0.912455 92.401824 0.022772 0.996838 -0.076130 -6.409619 -0.914171 0.051587 0.402031 68.127899
0.410093 0.062395 0.909907 93.093271 0.021623 0.996712 -0.078093 -6.455471 -0.911788 0.051700 0.407395 68.447077
0.414512 0.064002 0.907791 93.797997 0.014464 0.996935 -0.076892 -6.514197 -0.909929 0.045003 0.412315 68.782715
0.418428 0.067245 0.905757 94.239236 0.008642 0.996916 -0.078004 -6.548396 -0.908209 0.040467 0.416556 69.058602
0.422478 0.070455 0.903631 95.140224 0.006985 0.996692 -0.080977 -6.635290 -0.906346 0.040523 0.420588 69.444653
0.426517 0.074600 0.901398 95.784192 0.003918 0.996431 -0.084319 -6.688282 -0.904471 0.039495 0.424703 69.759904
0.429929 0.077608 0.899521 96.453329 0.000747 0.996268 -0.086312 -6.751011 -0.902862 0.037780 0.428266 70.091973
0.433733 0.076088 0.897823 97.118179 -0.000445 0.996446 -0.084231 -6.812580 -0.901041 0.036134 0.432225 70.424400
0.437869 0.072998 0.896070 97.776977 0.000541 0.996677 -0.081458 -6.871830 -0.899039 0.036153 0.436374 70.748716
0.441309 0.070313 0.894596 98.422121 0.000246 0.996916 -0.078477 -6.928421 -0.897355 0.034853 0.439931 71.071455
0.444724 0.069228 0.892988 98.985809 -0.000567 0.997030 -0.077011 -6.977733 -0.895668 0.033742 0.443442 71.363579
0.448079 0.070901 0.891178 99.499483 -0.002283 0.996938 -0.078167 -7.026201 -0.893991 0.032991 0.446869 71.677233
0.450916 0.071610 0.889689 100.116951 -0.001441 0.996834 -0.079504 -7.077721 -0.892565 0.034568 0.449592 71.992211
0.453176 0.069694 0.888692 100.704633 0.000722 0.996910 -0.078549 -7.127614 -0.891421 0.036238 0.451725 72.291939
0.454854 0.068542 0.887924 101.304808 0.002713 0.996923 -0.078346 -7.180328 -0.890562 0.038045 0.453268 72.602650
0.456593 0.068517 0.887033 101.891954 0.001298 0.996978 -0.077678 -7.233867 -0.889675 0.036618 0.455124 72.915755
0.458470 0.067911 0.886112 102.471159 0.002873 0.996958 -0.077892 -7.281892 -0.888705 0.038257 0.456880 73.220600
0.461239 0.069631 0.884540 103.041675 0.002378 0.996815 -0.079710 -7.330825 -0.887273 0.038869 0.459604 73.516175
0.464064 0.069522 0.883069 103.557631 0.004937 0.996697 -0.081062 -7.373908 -0.885788 0.041978 0.462188 73.767143
0.467017 0.068911 0.881559 104.143109 0.006620 0.996658 -0.081416 -7.430544 -0.884223 0.043858 0.465000 74.102334
0.470411 0.066883 0.879909 104.696738 0.010346 0.996637 -0.081287 -7.475732 -0.882387 0.047342 0.468138 74.388740
0.473711 0.065922 0.878210 105.159006 0.011566 0.996643 -0.081050 -7.520797 -0.880604 0.048551 0.471358 74.644927
0.476890 0.065418 0.876525 105.677648 0.012537 0.996619 -0.081202 -7.570767 -0.878873 0.049714 0.474458 74.932094
0.480188 0.064639 0.874781 106.190104 0.013234 0.996634 -0.080907 -7.618011 -0.877066 0.050427 0.477716 75.221289
0.483569 0.064408 0.872934 106.791138 0.013992 0.996593 -0.081283 -7.669384 -0.875195 0.051520 0.481020 75.508436
0.487495 0.065368 0.870675 107.195153 0.014294 0.996462 -0.082815 -7.710983 -0.873009 0.052817 0.484836 75.780902
0.491796 0.065883 0.868215 107.679176 0.015757 0.996297 -0.084528 -7.755895 -0.870568 0.055251 0.488936 76.054390
0.496497 0.069201 0.865276 108.172884 0.013609 0.996074 -0.087470 -7.804296 -0.867932 0.055204 0.493606 76.347135
0.501861 0.075010 0.861690 108.657702 0.010086 0.995657 -0.092546 -7.855142 -0.864890 0.055136 0.498925 76.638979
0.507760 0.081978 0.857589 109.138060 0.005079 0.995160 -0.098136 -7.905223 -0.861484 0.054185 0.504886 76.935215
0.513881 0.088233 0.853312 109.616454 -0.000118 0.994704 -0.102782 -7.957488 -0.857862 0.052717 0.511169 77.237290
0.520210 0.092732 0.848989 110.112056 -0.003853 0.994332 -0.106246 -8.010042 -0.854030 0.051999 0.517619 77.551308
0.525264 0.093358 0.845803 110.681069 -0.008823 0.994508 -0.104292 -8.062183 -0.850894 0.047318 0.523202 77.891975
0.531091 0.092230 0.842280 111.106668 -0.014207 0.994888 -0.099982 -8.113638 -0.847196 0.041133 0.529686 78.209196
0.536757 0.089852 0.838939 111.612304 -0.020487 0.995408 -0.093503 -8.167455 -0.843488 0.033001 0.536133 78.552579
0.542437 0.088084 0.835466 112.092307 -0.027143 0.995806 -0.087366 -8.222177 -0.839658 0.024713 0.542553 78.889769
0.548489 0.086100 0.831713 112.605536 -0.029726 0.996063 -0.083511 -8.273695 -0.835629 0.021081 0.548889 79.244094
0.554839 0.089691 0.827109 113.116513 -0.034759 0.995803 -0.084667 -8.320078 -0.831231 0.018227 0.555628 79.599847
0.560503 0.093955 0.822805 113.846825 -0.039448 0.995445 -0.086796 -8.379713 -0.827212 0.016192 0.561656 80.038399
0.566939 0.097021 0.818026 114.200871 -0.041657 0.995146 -0.089158 -8.416054 -0.822706 0.016470 0.568229 80.356542
0.573186 0.099283 0.813389 114.730727 -0.044090 0.994932 -0.090373 -8.462909 -0.818239 0.015939 0.574658 80.749524
0.579522 0.100349 0.808755 115.275830 -0.047260 0.994858 -0.089575 -8.511393 -0.813585 0.013689 0.581285 81.155310
0.585655 0.102547 0.804048 115.827989 -0.053488 0.994692 -0.087902 -8.565270 -0.808794 0.008474 0.588031 81.582365
0.592799 0.100435 0.799063 116.390597 -0.053779 0.994915 -0.085155 -8.619582 -0.803553 0.007507 0.595186 82.011673
0.600395 0.098708 0.793588 117.074432 -0.054257 0.995094 -0.082723 -8.676327 -0.797861 0.006609 0.602806 82.473939
0.607470 0.098392 0.788225 117.604923 -0.054814 0.995126 -0.081975 -8.734394 -0.792449 0.006592 0.609902 82.939559
0.614879 0.101141 0.782109 118.173948 -0.059703 0.994866 -0.081717 -8.777888 -0.786358 0.003552 0.617761 83.414423
0.622619 0.101852 0.775869 118.756465 -0.060543 0.994791 -0.082006 -8.827073 -0.780180 0.004085 0.625542 83.899989
0.629505 0.102566 0.770197 119.349587 -0.062479 0.994721 -0.081400 -8.880173 -0.774480 0.003121 0.632591 84.397771
0.635040 0.101597 0.765769 119.974090 -0.062287 0.994820 -0.080332 -8.935348 -0.769964 0.003317 0.638079 84.885621
0.638309 0.100218 0.763229 120.682079 -0.061413 0.994959 -0.079284 -9.001503 -0.767327 0.003736 0.641245 85.471367
0.642035 0.097607 0.760436 121.303318 -0.057673 0.995201 -0.079048 -9.054885 -0.764503 0.006895 0.644584 85.998550
0.645562 0.093897 0.757913 121.922245 -0.052367 0.995520 -0.078729 -9.109522 -0.761910 0.011135 0.647587 86.528504
0.649462 0.087592 0.755332 122.558171 -0.044643 0.996022 -0.077119 -9.166665 -0.759083 0.016366 0.650789 87.066179
0.653307 0.081816 0.752659 123.195824 -0.038852 0.996457 -0.074595 -9.221904 -0.756095 0.019491 0.654171 87.615256
0.657157 0.076312 0.749881 123.749734 -0.033190 0.996826 -0.072357 -9.269440 -0.753023 0.022661 0.657604 88.117429
0.659951 0.074767 0.747579 124.577075 -0.032968 0.996959 -0.070604 -9.339763 -0.750585 0.021949 0.660409 88.784474
0.662925 0.076385 0.744779 125.242439 -0.033767 0.996820 -0.072178 -9.397301 -0.747924 0.022700 0.663396 89.385721
0.666082 0.081129 0.741454 125.880269 -0.039385 0.996506 -0.073654 -9.450571 -0.744838 0.019857 0.666950 89.977574
0.668972 0.084790 0.738435 126.526949 -0.045816 0.996287 -0.072891 -9.504627 -0.741874 0.014930 0.670373 90.580855
0.672464 0.081561 0.735622 126.989096 -0.045751 0.996590 -0.068673 -9.543795 -0.738714 0.012525 0.673902 91.082063
0.675634 0.078713 0.733024 127.771724 -0.048936 0.996879 -0.061941 -9.605412 -0.735612 0.005978 0.677377 91.765042
0.679017 0.073429 0.730441 128.433637 -0.048555 0.997299 -0.055119 -9.652889 -0.732515 0.001960 0.680748 92.402441
0.683618 0.069477 0.726526 129.093464 -0.046579 0.997583 -0.051569 -9.697891 -0.728352 0.001413 0.685201 93.026862
0.688584 0.066383 0.722112 129.575043 -0.040707 0.997769 -0.052907 -9.727391 -0.724013 0.007035 0.689751 93.555014
0.693874 0.063368 0.717303 130.366380 -0.030463 0.997812 -0.058681 -9.781621 -0.719452 0.018866 0.694286 94.247855
0.699036 0.065160 0.712112 131.014814 -0.024959 0.997456 -0.066770 -9.830153 -0.714651 0.028901 0.698884 94.890160
0.704634 0.065593 0.706533 131.665658 -0.022063 0.997262 -0.070580 -9.881394 -0.709228 0.034145 0.704152 95.540058
0.710513 0.061252 0.701013 132.322874 -0.019785 0.997549 -0.067109 -9.936385 -0.703406 0.033812 0.709984 96.208940
0.716615 0.055329 0.695271 132.751761 -0.014654 0.997823 -0.064301 -9.975786 -0.697315 0.035890 0.715865 96.729847
0.721972 0.052208 0.689949 133.584205 -0.010371 0.997854 -0.064655 -10.047774 -0.691844 0.039524 0.720964 97.535331
0.726516 0.054292 0.685002 134.208435 -0.008196 0.997487 -0.070367 -10.104053 -0.687101 0.045509 0.725135 98.201519
0.730173 0.055720 0.680987 134.846703 -0.009006 0.997368 -0.071951 -10.159707 -0.683203 0.046404 0.728752 98.893034
0.733307 0.053004 0.677828 135.486414 -0.006817 0.997480 -0.070624 -10.221822 -0.679863 0.047168 0.731820 99.589165
0.735841 0.047315 0.675500 136.132272 -0.003312 0.997795 -0.066281 -10.282969 -0.677147 0.046535 0.734375 100.288428
0.737321 0.042706 0.674192 136.618672 0.000421 0.997971 -0.063675 -10.322947 -0.675543 0.047232 0.735807 100.867264
0.737873 0.038294 0.673853 137.354937 0.003500 0.998159 -0.060556 -10.392955 -0.674931 0.047041 0.736380 101.651438
0.738220 0.037242 0.673532 138.002679 0.003764 0.998232 -0.059321 -10.449486 -0.674550 0.046327 0.736774 102.360972
0.738134 0.037865 0.673591 138.614602 0.002408 0.998270 -0.058755 -10.490632 -0.674650 0.044991 0.736765 103.030600
0.737573 0.039808 0.674093 139.121428 0.001153 0.998185 -0.060209 -10.529718 -0.675266 0.045185 0.736189 103.649260
0.736333 0.044299 0.675168 139.808813 -0.003641 0.998099 -0.061516 -10.587457 -0.676610 0.042838 0.735094 104.385658
0.734340 0.048048 0.677079 140.432813 -0.006921 0.997970 -0.063313 -10.642278 -0.678747 0.041807 0.733182 105.079475
0.732323 0.050796 0.679061 141.072876 -0.011055 0.997969 -0.062729 -10.697011 -0.680868 0.038431 0.731397 105.783339
0.729983 0.051946 0.681488 141.647914 -0.012941 0.997979 -0.062209 -10.744024 -0.683342 0.036593 0.729180 106.424185
0.727696 0.051546 0.683960 142.289143 -0.014003 0.998081 -0.060322 -10.796478 -0.685757 0.034319 0.727021 107.121550
0.725139 0.050177 0.686772 142.926472 -0.015004 0.998256 -0.057093 -10.849938 -0.688439 0.031097 0.724628 107.808497
0.722451 0.046230 0.689875 143.559047 -0.010991 0.998404 -0.055396 -10.901860 -0.691335 0.032438 0.721806 108.470502
0.719699 0.050398 0.692454 144.201221 -0.011520 0.998091 -0.060669 -10.956533 -0.694190 0.035687 0.718906 109.140736
0.716210 0.060259 0.695278 144.972539 -0.016706 0.997460 -0.069239 -11.021920 -0.697685 0.037974 0.715398 109.914022
0.712734 0.067125 0.698215 145.492632 -0.019374 0.996915 -0.076065 -11.067791 -0.701167 0.040687 0.711836 110.501805
0.709141 0.065586 0.702010 146.130916 -0.020841 0.997179 -0.072111 -11.126343 -0.704759 0.036506 0.708507 111.156304
0.705442 0.063789 0.705891 146.759874 -0.023708 0.997508 -0.066449 -11.189021 -0.708371 0.030141 0.705197 111.793432
0.701911 0.062047 0.709557 147.404857 -0.025668 0.997755 -0.061858 -11.244999 -0.711802 0.025206 0.701928 112.444207
0.698634 0.061789 0.712806 148.210027 -0.024857 0.997759 -0.062127 -11.311272 -0.715047 0.025686 0.698604 113.194946
0.695672 0.060369 0.715819 148.751969 -0.023290 0.997834 -0.061518 -11.355780 -0.717982 0.026125 0.695571 113.749203
0.692748 0.059729 0.718702 149.407240 -0.019496 0.997751 -0.064127 -11.407587 -0.720916 0.030412 0.692355 114.378674
0.689368 0.058894 0.722013 150.058664 -0.015876 0.997679 -0.066222 -11.462177 -0.724237 0.034188 0.688703 114.997117
0.685397 0.059500 0.725734 150.764546 -0.012762 0.997484 -0.069727 -11.522711 -0.728058 0.038529 0.684432 115.645904
0.681613 0.059803 0.729265 151.452594 -0.013238 0.997499 -0.069427 -11.581735 -0.731593 0.037668 0.680701 116.293769
0.677695 0.060972 0.732811 152.113699 -0.014462 0.997469 -0.069618 -11.632489 -0.735201 0.036582 0.676862 116.911320
0.672562 0.060992 0.737523 152.785113 -0.014324 0.997484 -0.069428 -11.697182 -0.739902 0.036130 0.671744 117.534399
0.666784 0.063972 0.742500 153.300584 -0.017082 0.997359 -0.070590 -11.742914 -0.745055 0.034385 0.666116 118.022823
0.660713 0.070942 0.747279 154.145418 -0.020819 0.996873 -0.076229 -11.818581 -0.750350 0.034808 0.660124 118.760465
0.654472 0.076714 0.752185 154.813875 -0.023802 0.996437 -0.080916 -11.879108 -0.755712 0.035054 0.653966 119.355620
0.647973 0.079314 0.757523 155.523485 -0.023861 0.996189 -0.083892 -11.947484 -0.761290 0.036285 0.647396 119.974989
0.641358 0.073857 0.763678 156.231583 -0.024601 0.996824 -0.075744 -12.010578 -0.766847 0.029792 0.641138 120.577292
0.634281 0.070124 0.769916 156.758633 -0.030562 0.997374 -0.065663 -12.057481 -0.772498 0.018119 0.634758 121.037355
0.627114 0.065285 0.776187 157.589606 -0.029810 0.997763 -0.059837 -12.126759 -0.778357 0.014386 0.627657 121.705198
0.619975 0.066370 0.781809 158.311617 -0.034388 0.997757 -0.057432 -12.172588 -0.783867 0.008721 0.620867 122.286414
0.612023 0.067924 0.787917 159.070436 -0.032933 0.997629 -0.060422 -12.217242 -0.790154 0.011032 0.612809 122.885311
0.605524 0.067704 0.792942 159.723458 -0.027228 0.997554 -0.064382 -12.272900 -0.795361 0.017395 0.605886 123.388321
0.598683 0.076039 0.797369 160.503860 -0.025547 0.996790 -0.075875 -12.321054 -0.800578 0.025055 0.598704 123.971762
0.591383 0.077120 0.802695 161.269582 -0.021582 0.996573 -0.079847 -12.380988 -0.806102 0.029896 0.591021 124.535307
0.584480 0.072936 0.808123 162.019946 -0.018957 0.996907 -0.076264 -12.451744 -0.811186 0.029256 0.584056 125.073963
0.577406 0.067128 0.813693 162.799650 -0.014910 0.997315 -0.071696 -12.521441 -0.816321 0.029265 0.576856 125.622500
0.570310 0.066357 0.818745 163.425795 -0.014333 0.997384 -0.070851 -12.575459 -0.821305 0.028672 0.569769 126.060234
0.563415 0.068154 0.823358 164.332933 -0.016083 0.997307 -0.071548 -12.650266 -0.826018 0.027069 0.562994 126.697420
0.557558 0.065657 0.827537 165.086247 -0.010921 0.997361 -0.071773 -12.709344 -0.830066 0.030980 0.556804 127.200703
0.552505 0.059617 0.831375 165.850338 -0.005810 0.997690 -0.067682 -12.772517 -0.833489 0.032564 0.551575 127.702544
0.547616 0.057081 0.834781 166.608291 -0.005417 0.997891 -0.064680 -12.833277 -0.836713 0.030898 0.546770 128.200494
0.543172 0.055991 0.837752 167.358374 -0.007036 0.998043 -0.062142 -12.893536 -0.839592 0.027859 0.542503 128.697888
0.538036 0.058472 0.840891 167.990838 -0.007769 0.997893 -0.064418 -12.944391 -0.842886 0.028126 0.537357 129.101987
0.534603 0.061078 0.842893 168.850177 -0.006615 0.997657 -0.068097 -13.010665 -0.845077 0.030829 0.533755 129.661363
0.531438 0.067073 0.844438 169.569450 -0.007323 0.997187 -0.074597 -13.066429 -0.847065 0.033459 0.530434 130.120678
0.528029 0.069751 0.846357 170.295860 -0.009446 0.997042 -0.076276 -13.124010 -0.849174 0.032282 0.527126 130.582676
0.525389 0.064911 0.848383 171.019846 -0.008934 0.997452 -0.070784 -13.184289 -0.850815 0.029610 0.524630 131.036109
0.523016 0.056542 0.850445 171.603471 -0.005334 0.997995 -0.063071 -13.231708 -0.852306 0.028451 0.522269 131.376435
0.520591 0.051209 0.852269 172.414611 -0.000758 0.998227 -0.059516 -13.295956 -0.853806 0.030338 0.519707 131.874439
0.518231 0.049668 0.853797 173.126528 0.004501 0.998140 -0.060797 -13.344586 -0.855229 0.035350 0.517044 132.299646
0.516012 0.052014 0.855001 173.813088 0.006306 0.997897 -0.064514 -13.391458 -0.856558 0.038682 0.514599 132.714097
0.513975 0.059461 0.855742 174.497328 0.003456 0.997443 -0.071383 -13.447649 -0.857798 0.039647 0.512456 133.130470
0.511948 0.067612 0.856351 175.174255 0.001925 0.996805 -0.079852 -13.507428 -0.859014 0.042528 0.510183 133.541071
0.509809 0.068968 0.857519 175.858463 0.005791 0.996484 -0.083587 -13.561424 -0.860268 0.047579 0.507617 133.942660
0.507084 0.062819 0.859604 176.434204 0.005328 0.997093 -0.076010 -13.607911 -0.861880 0.043124 0.505275 134.267632
0.503708 0.055269 0.862104 177.155044 -0.002023 0.998024 -0.062801 -13.668678 -0.863871 0.029890 0.502825 134.713365
0.500579 0.051872 0.864135 177.819329 -0.010005 0.998483 -0.054141 -13.724685 -0.865633 0.018456 0.500339 135.114543
0.498522 0.054107 0.865187 178.473018 -0.011416 0.998373 -0.055859 -13.771374 -0.866802 0.017970 0.498329 135.500092
0.496142 0.056668 0.866390 179.123151 -0.008752 0.998144 -0.060274 -13.812433 -0.868197 0.022322 0.495717 135.871089
0.493739 0.058546 0.867637 179.770331 -0.007134 0.997970 -0.063281 -13.854654 -0.869581 0.025055 0.493155 136.238280
0.491218 0.057326 0.869148 180.253746 -0.007158 0.998064 -0.061783 -13.880863 -0.871007 0.024128 0.490678 136.498531
0.488606 0.056591 0.870667 181.087195 -0.008035 0.998144 -0.060368 -13.948433 -0.872468 0.022500 0.488154 136.997717
0.486279 0.055941 0.872011 181.695809 -0.007855 0.998188 -0.059655 -13.990175 -0.873768 0.022159 0.485837 137.342705
0.483411 0.056319 0.873580 182.314857 -0.006261 0.998125 -0.060883 -14.033050 -0.875371 0.023962 0.482857 137.685581
0.479751 0.057932 0.875490 182.926694 -0.005284 0.997991 -0.063143 -14.074869 -0.877389 0.025667 0.479093 138.020546
0.475518 0.059804 0.877671 183.531570 -0.005280 0.997863 -0.065134 -14.119096 -0.879690 0.026338 0.474817 138.349399
0.470831 0.061825 0.880055 184.134527 -0.005363 0.997724 -0.067222 -14.162367 -0.882207 0.026931 0.470091 138.675052
0.465798 0.064150 0.882563 184.732530 -0.005393 0.997556 -0.069662 -14.206594 -0.884875 0.027689 0.465005 138.991860
0.460312 0.066915 0.885232 185.242368 -0.004008 0.997302 -0.073302 -14.248833 -0.887748 0.030194 0.459338 139.238167
0.453932 0.069634 0.888311 185.853203 -0.002255 0.997028 -0.077004 -14.294233 -0.891034 0.032952 0.452740 139.541901
0.447456 0.072281 0.891380 186.434037 -0.003808 0.996873 -0.078924 -14.338572 -0.894298 0.031920 0.446332 139.839578
0.440741 0.074175 0.894564 187.047349 -0.008310 0.996874 -0.078564 -14.386865 -0.897596 0.027193 0.439980 140.149945
0.434163 0.075524 0.897663 187.665297 -0.011836 0.996872 -0.078146 -14.437191 -0.900757 0.023304 0.433699 140.456272
0.427865 0.076378 0.900610 188.289871 -0.012005 0.996815 -0.078834 -14.489451 -0.903763 0.022918 0.427419 140.753952
0.420809 0.079529 0.903656 188.917991 -0.013080 0.996578 -0.081616 -14.539340 -0.907055 0.022525 0.420409 141.051024
0.413372 0.084043 0.906675 189.482916 -0.015437 0.996235 -0.085307 -14.588099 -0.910431 0.021267 0.413113 141.289552
0.405519 0.088130 0.909828 190.238049 -0.018284 0.995924 -0.088320 -14.649301 -0.913904 0.019180 0.405477 141.664704
0.398358 0.090777 0.912727 190.875690 -0.019489 0.995704 -0.090524 -14.703299 -0.917023 0.018273 0.398416 141.941617
0.390836 0.093299 0.915719 191.541710 -0.019935 0.995474 -0.092916 -14.763673 -0.920244 0.018060 0.390928 142.228359
0.383335 0.095633 0.918645 192.219772 -0.021486 0.995279 -0.094645 -14.826510 -0.923359 0.016542 0.383580 142.516010
0.376304 0.096144 0.921494 192.911044 -0.017837 0.995169 -0.096547 -14.887641 -0.926325 0.019894 0.376201 142.794175
0.369277 0.094745 0.924477 193.425347 -0.014681 0.995260 -0.096135 -14.933275 -0.929203 0.021928 0.368918 142.951208
0.361595 0.092606 0.927725 194.316766 -0.014593 0.995495 -0.093683 -15.014909 -0.932221 0.020337 0.361317 143.346228
0.354122 0.090269 0.930833 195.056924 -0.015886 0.995768 -0.090522 -15.079911 -0.935064 0.017269 0.354057 143.640350
0.347701 0.086014 0.933652 195.790949 -0.014778 0.996162 -0.086269 -15.141647 -0.937489 0.016199 0.347638 143.904840
0.341886 0.082484 0.936114 196.549288 -0.010877 0.996421 -0.083826 -15.201134 -0.939678 0.018477 0.341560 144.178553
0.336436 0.076172 0.938620 197.144398 -0.010815 0.996970 -0.077031 -15.246333 -0.941644 0.015765 0.336241 144.341524
0.330780 0.071030 0.941031 198.022555 -0.009504 0.997364 -0.071941 -15.305756 -0.943660 0.014853 0.330583 144.677285
0.325980 0.070405 0.942751 198.816996 -0.005220 0.997342 -0.072677 -15.364709 -0.945362 0.018771 0.325481 144.953709
0.321359 0.078132 0.943729 199.587652 -0.001100 0.996621 -0.082136 -15.426146 -0.946957 0.025357 0.320359 145.201915
0.316609 0.089313 0.944342 200.443087 0.002846 0.995463 -0.095102 -15.487603 -0.948552 0.032797 0.314918 145.502337
0.312785 0.096174 0.944942 201.148765 0.008808 0.994524 -0.104136 -15.546565 -0.949783 0.040895 0.310225 145.688014
0.308622 0.091533 0.946770 201.941694 0.015109 0.994762 -0.101098 -15.621788 -0.951065 0.045506 0.305622 145.942040
0.304032 0.083789 0.948970 202.789567 0.021711 0.995256 -0.094832 -15.700284 -0.952414 0.049435 0.300771 146.204608
0.299272 0.077947 0.950979 203.658713 0.024610 0.995696 -0.089357 -15.783906 -0.953850 0.050146 0.296065 146.470589
0.294511 0.083835 0.951964 204.703732 0.021800 0.995296 -0.094396 -15.872699 -0.955400 0.048554 0.291298 146.842434
0.289747 0.093742 0.952501 205.361554 0.016423 0.994559 -0.102876 -15.938703 -0.956962 0.045451 0.286631 147.007909
0.284898 0.096950 0.953642 206.264079 0.013122 0.994384 -0.105012 -16.018501 -0.958468 0.042431 0.282026 147.282738
0.279498 0.092372 0.955693 207.124917 0.010406 0.995012 -0.099216 -16.099131 -0.960090 0.037675 0.277142 147.531202
0.273806 0.089251 0.957635 208.017810 0.007646 0.995452 -0.094962 -16.188756 -0.961755 0.033324 0.271878 147.795133
0.268232 0.090699 0.959075 208.913714 0.006315 0.995371 -0.095897 -16.267853 -0.963334 0.031779 0.266417 148.053404
0.263256 0.094484 0.960088 209.873037 0.005633 0.995025 -0.099467 -16.348898 -0.964709 0.031594 0.261414 148.338963
0.258652 0.094641 0.961323 210.913373 0.008843 0.994915 -0.100328 -16.441120 -0.965930 0.034451 0.256500 148.640962
0.254392 0.093829 0.962539 211.810801 0.013148 0.994855 -0.100454 -16.525055 -0.967012 0.038210 0.251849 148.884153
0.250839 0.092908 0.963560 212.774244 0.014563 0.994909 -0.099722 -16.612348 -0.967919 0.039047 0.248209 149.120354
0.247163 0.092004 0.964596 213.661993 0.016493 0.994938 -0.099125 -16.697479 -0.968834 0.040409 0.244395 149.353575
0.244247 0.091171 0.965418 214.618241 0.017435 0.994997 -0.098375 -16.787670 -0.969556 0.040859 0.241436 149.590733
0.241642 0.089737 0.966207 215.519581 0.015795 0.995219 -0.096382 -16.868524 -0.970237 0.038551 0.239070 149.804206
0.238845 0.087689 0.967090 216.570291 0.015840 0.995430 -0.094170 -16.963487 -0.970928 0.037810 0.236365 150.093325
0.236301 0.087705 0.967714 217.523054 0.012557 0.995559 -0.093296 -17.052431 -0.971599 0.034198 0.234150 150.334726
0.234282 0.090400 0.967957 218.454149 0.010365 0.995378 -0.095469 -17.140217 -0.972114 0.032399 0.232262 150.567208
0.232598 0.091593 0.968250 219.395727 0.009877 0.995282 -0.096523 -17.227172 -0.972523 0.032015 0.230596 150.794942
0.230667 0.091375 0.968733 220.338607 0.010537 0.995288 -0.096389 -17.314549 -0.972976 0.032441 0.228617 151.023828
0.229254 0.090483 0.969152 221.297504 0.010437 0.995384 -0.095401 -17.408375 -0.973311 0.031986 0.227251 151.250954
0.228039 0.085376 0.969901 221.973717 0.011784 0.995833 -0.090430 -17.459740 -0.973581 0.032051 0.226083 151.365815
0.226685 0.083908 0.970347 223.180080 0.014265 0.995889 -0.089449 -17.581312 -0.973864 0.034119 0.224556 151.694707
0.225016 0.085391 0.970606 224.142955 0.011583 0.995848 -0.090297 -17.656202 -0.974286 0.031561 0.223093 151.919672
0.223550 0.092450 0.970298 225.081130 0.012074 0.995152 -0.097600 -17.739679 -0.974618 0.033534 0.221350 152.139085
0.221442 0.094515 0.970582 226.016289 0.012439 0.994937 -0.099725 -17.827070 -0.975094 0.034157 0.219145 152.351875
0.218607 0.095806 0.971099 226.950719 0.011220 0.994856 -0.100676 -17.920119 -0.975749 0.032904 0.216407 152.569411
0.215512 0.091973 0.972160 227.646310 0.009486 0.995310 -0.096266 -17.979599 -0.976455 0.029968 0.213629 152.686973
0.212794 0.085963 0.973308 228.717752 0.010071 0.995877 -0.090158 -18.085356 -0.977045 0.028988 0.211051 152.924869
0.209202 0.081995 0.974429 229.644333 0.011048 0.996217 -0.086200 -18.170152 -0.977810 0.028799 0.207505 153.125687
0.205093 0.082746 0.975238 230.585811 0.009377 0.996208 -0.086497 -18.243518 -0.978698 0.026885 0.203539 153.330592
0.200893 0.084059 0.976000 231.525253 0.009447 0.996099 -0.087735 -18.320512 -0.979568 0.026846 0.199316 153.527791
0.196989 0.084669 0.976743 232.468168 0.010021 0.996038 -0.088363 -18.398577 -0.980354 0.027195 0.195360 153.718999
0.192528 0.084017 0.977688 233.067539 0.009658 0.996117 -0.087503 -18.449948 -0.981244 0.026289 0.190970 153.783871
0.188630 0.083066 0.978529 234.281971 0.010615 0.996186 -0.086612 -18.549571 -0.981991 0.026724 0.187029 154.060646
0.184605 0.082342 0.979357 235.198466 0.010003 0.996275 -0.085650 -18.634271 -0.982762 0.025608 0.183094 154.237693
0.180483 0.083225 0.980051 236.104122 0.008473 0.996245 -0.086160 -18.705220 -0.983542 0.023855 0.179100 154.409378
0.176118 0.084359 0.980748 236.902979 0.005733 0.996216 -0.086720 -18.772643 -0.984352 0.020895 0.174968 154.550330
0.172250 0.083763 0.981485 237.875724 0.003482 0.996320 -0.085640 -18.851551 -0.985047 0.018169 0.171324 154.721860
0.168455 0.084790 0.982056 238.797963 -0.000728 0.996304 -0.085895 -18.929986 -0.985709 0.013754 0.167894 154.886327
0.164910 0.089135 0.982273 239.717333 -0.005568 0.995976 -0.089444 -19.011123 -0.986293 0.009281 0.164743 155.053002
0.161337 0.094278 0.982386 240.630084 -0.008254 0.995521 -0.094183 -19.087147 -0.986865 0.007086 0.161393 155.215455
0.157836 0.096430 0.982746 241.556078 -0.009692 0.995324 -0.096108 -19.169553 -0.987418 0.005644 0.158032 155.371320
0.154129 0.094110 0.983559 242.243650 -0.011623 0.995557 -0.093437 -19.228993 -0.987982 0.002970 0.154538 155.452710
0.150966 0.090556 0.984383 243.236193 -0.010790 0.995887 -0.089960 -19.321132 -0.988480 0.002959 0.151322 155.613774
0.147963 0.087340 0.985129 244.175696 -0.010009 0.996174 -0.086816 -19.397541 -0.988942 0.002985 0.148271 155.760729
0.144675 0.086588 0.985683 245.073243 -0.008938 0.996237 -0.086204 -19.477921 -0.989439 0.003662 0.144905 155.893317
0.141227 0.086369 0.986202 245.991924 -0.008759 0.996257 -0.085995 -19.556538 -0.989939 0.003506 0.141455 156.024598
0.137000 0.088238 0.986633 246.915046 -0.009248 0.996095 -0.087800 -19.634571 -0.990528 0.002904 0.137281 156.161060
0.132097 0.091412 0.987013 247.981392 -0.008967 0.995808 -0.091027 -19.720884 -0.991196 0.003174 0.132363 156.366869
0.127428 0.086289 0.988087 248.795658 0.000180 0.996206 -0.087021 -19.786929 -0.991848 0.011266 0.126929 156.401947
0.123027 0.081097 0.989084 249.690600 0.000477 0.996651 -0.081776 -19.857245 -0.992403 0.010533 0.122576 156.521253
0.117651 0.082255 0.989643 250.600734 0.001265 0.996550 -0.082979 -19.935704 -0.993054 0.011014 0.117141 156.632325
0.113585 0.094345 0.989039 251.491195 0.003289 0.995440 -0.095333 -20.012631 -0.993523 0.014082 0.112757 156.733751
0.108246 0.106423 0.988411 252.386347 0.004899 0.994184 -0.107581 -20.091968 -0.994112 0.016488 0.107095 156.827876
0.102117 0.110904 0.988571 253.404780 0.003468 0.993720 -0.111840 -20.189755 -0.994766 0.014849 0.101091 156.992127
0.096948 0.105475 0.989685 254.115386 -0.000115 0.994370 -0.105963 -20.266935 -0.995289 0.010159 0.096414 157.009301
0.091773 0.098883 0.990858 255.001950 -0.002308 0.995076 -0.099090 -20.355398 -0.995777 0.006807 0.091549 157.107215
0.086555 0.094323 0.991772 255.907068 -0.004171 0.995533 -0.094317 -20.443811 -0.996238 0.004026 0.086562 157.192111
0.080334 0.094302 0.992297 256.810618 -0.008033 0.995544 -0.093960 -20.526768 -0.996736 -0.000423 0.080733 157.272083
0.073044 0.092325 0.993046 257.692577 -0.012020 0.995715 -0.091689 -20.603917 -0.997256 -0.005239 0.073841 157.348775
0.065581 0.088045 0.993955 258.595611 -0.015871 0.996066 -0.087185 -20.680943 -0.997721 -0.010058 0.066721 157.426825
0.058346 0.084961 0.994675 259.720478 -0.017823 0.996302 -0.084054 -20.781313 -0.998137 -0.012824 0.059645 157.581935
0.051437 0.086435 0.994929 260.337369 -0.014224 0.996210 -0.085811 -20.828416 -0.998575 -0.009738 0.052471 157.541765
0.045306 0.090421 0.994873 261.202659 -0.011732 0.995875 -0.089978 -20.888204 -0.998904 -0.007595 0.046180 157.573308
0.038904 0.092412 0.994961 262.066224 -0.009154 0.995705 -0.092124 -20.965857 -0.999201 -0.005524 0.039583 157.600825
0.032422 0.090763 0.995345 262.954629 -0.009212 0.995853 -0.090510 -21.039029 -0.999432 -0.006235 0.033124 157.635370
0.026296 0.088204 0.995755 263.831727 -0.009659 0.996076 -0.087977 -21.116898 -0.999608 -0.007305 0.027045 157.667372
0.020381 0.087010 0.995999 264.708904 -0.006785 0.996195 -0.086888 -21.190513 -0.999769 -0.004987 0.020894 157.686919
0.015349 0.089187 0.995897 265.870538 -0.004419 0.996010 -0.089129 -21.288921 -0.999872 -0.003033 0.015682 157.810371
0.010508 0.092798 0.995630 266.722935 -0.004537 0.995679 -0.092754 -21.359589 -0.999935 -0.003542 0.010883 157.797492
0.007189 0.094389 0.995509 267.600631 -0.002186 0.995534 -0.094376 -21.431299 -0.999972 -0.001497 0.007364 157.802292
0.004837 0.093198 0.995636 268.482456 0.003223 0.995641 -0.093215 -21.507708 -0.999983 0.003659 0.004516 157.801295
0.002916 0.090686 0.995875 269.359398 0.005039 0.995866 -0.090700 -21.582672 -0.999983 0.005283 0.002447 157.803105
0.000922 0.089092 0.996023 270.221409 0.007120 0.995998 -0.089096 -21.658024 -0.999974 0.007174 0.000284 157.807714
-0.000727 0.087950 0.996125 271.087345 0.009395 0.996082 -0.087939 -21.733266 -0.999956 0.009295 -0.001550 157.808955
-0.001535 0.089564 0.995980 271.874280 0.011281 0.995919 -0.089541 -21.802218 -0.999935 0.011098 -0.002539 157.806190
-0.002066 0.091092 0.995840 272.915431 0.013246 0.995758 -0.091057 -21.891472 -0.999910 0.013003 -0.003264 157.850565
-0.001477 0.092709 0.995692 273.807247 0.016836 0.995554 -0.092672 -21.966451 -0.999857 0.016626 -0.003031 157.841586
-0.000431 0.093646 0.995605 274.662073 0.018951 0.995428 -0.093621 -22.041405 -0.999820 0.018827 -0.002204 157.841548
0.000941 0.093866 0.995584 275.506738 0.020136 0.995381 -0.093866 -22.118268 -0.999797 0.020136 -0.000953 157.841351
0.002863 0.093793 0.995588 276.341969 0.022304 0.995338 -0.093834 -22.195139 -0.999747 0.022474 0.000758 157.844929
0.005195 0.092484 0.995701 277.167071 0.023252 0.995434 -0.092581 -22.272973 -0.999716 0.023633 0.003021 157.850058
0.007657 0.090606 0.995857 277.658854 0.023525 0.995595 -0.090763 -22.321136 -0.999694 0.024122 0.005491 157.785754
0.010846 0.087353 0.996118 278.701661 0.023769 0.995873 -0.087590 -22.407879 -0.999659 0.024627 0.008725 157.853636
0.014296 0.084480 0.996323 279.517076 0.022928 0.996135 -0.084793 -22.478785 -0.999635 0.024056 0.012304 157.861682
0.017845 0.082398 0.996440 280.325210 0.021218 0.996343 -0.082770 -22.551440 -0.999616 0.022620 0.016032 157.887857
0.021641 0.082569 0.996350 281.102156 0.016459 0.996419 -0.082932 -22.617431 -0.999630 0.018194 0.020205 157.912478
0.025180 0.083952 0.996152 281.587780 0.013373 0.996350 -0.084307 -22.660740 -0.999593 0.015444 0.023965 157.867273
0.029491 0.083801 0.996046 282.484255 0.013530 0.996355 -0.084228 -22.731960 -0.999473 0.015961 0.028250 157.938194
0.033067 0.081476 0.996127 283.207627 0.013250 0.996548 -0.081951 -22.790774 -0.999365 0.015909 0.031874 157.967080
0.036364 0.078405 0.996258 283.954894 0.010898 0.996827 -0.078847 -22.852043 -0.999279 0.013725 0.035394 158.003619
0.039754 0.076668 0.996264 284.591436 0.007690 0.996999 -0.077031 -22.906897 -0.999180 0.010724 0.039046 157.993984
0.043939 0.077637 0.996013 285.258615 0.008979 0.996905 -0.078103 -22.955678 -0.998994 0.012375 0.043106 158.046574
0.048052 0.078879 0.995725 285.947722 0.009209 0.996800 -0.079408 -23.009215 -0.998802 0.012985 0.047172 158.082541
0.051400 0.080860 0.995399 286.599985 0.008656 0.996643 -0.081408 -23.063371 -0.998641 0.012800 0.050528 158.121142
0.054564 0.083810 0.994987 287.263504 0.007469 0.996409 -0.084339 -23.118549 -0.998482 0.012034 0.053743 158.166228
0.057590 0.084192 0.994784 287.911587 0.004351 0.996407 -0.084581 -23.172788 -0.998331 0.009199 0.057017 158.212046
0.060874 0.084853 0.994532 288.546331 0.002135 0.996367 -0.085140 -23.224144 -0.998143 0.007307 0.060472 158.262178
0.063986 0.084894 0.994333 289.253769 -0.000144 0.996376 -0.085059 -23.287744 -0.997951 0.005299 0.063767 158.290441
0.067243 0.084455 0.994156 289.802038 -0.000762 0.996415 -0.084595 -23.331766 -0.997736 0.004931 0.067066 158.341969
0.070431 0.085623 0.993835 290.387051 -0.001941 0.996319 -0.085699 -23.378411 -0.997515 0.004107 0.070338 158.387489
0.073276 0.088737 0.993356 290.932153 -0.004738 0.996053 -0.088628 -23.427917 -0.997300 0.001788 0.073407 158.434755
0.075778 0.088211 0.993215 291.511109 -0.006095 0.996102 -0.088002 -23.479200 -0.997106 0.000615 0.076020 158.486873
0.078998 0.088290 0.992957 292.073205 -0.007250 0.996095 -0.087992 -23.529516 -0.996848 -0.000248 0.079329 158.539983
0.081720 0.087680 0.992791 292.758690 -0.009412 0.996146 -0.087202 -23.595672 -0.996611 -0.002218 0.082230 158.600377
0.084518 0.088511 0.992483 293.226830 -0.008945 0.996074 -0.088069 -23.627786 -0.996382 -0.001434 0.084978 158.646702
0.087561 0.089352 0.992144 293.754054 -0.010065 0.995998 -0.088811 -23.674172 -0.996108 -0.002210 0.088110 158.700192
0.090208 0.090618 0.991792 294.253252 -0.010497 0.995883 -0.090037 -23.720030 -0.995868 -0.002289 0.090787 158.747598
0.092726 0.091880 0.991443 294.763539 -0.009641 0.995770 -0.091379 -23.765752 -0.995645 -0.001085 0.093219 158.800000
0.094764 0.093430 0.991106 295.266112 -0.010828 0.995624 -0.092820 -23.809786 -0.995441 -0.001936 0.095361 158.854879
0.096174 0.094489 0.990869 295.755802 -0.011705 0.995523 -0.093797 -23.851893 -0.995296 -0.002578 0.096849 158.910702
0.097413 0.095965 0.990607 296.368154 -0.012991 0.995378 -0.095150 -23.916587 -0.995159 -0.003600 0.098210 158.978550
0.098472 0.097205 0.990381 296.767531 -0.013216 0.995258 -0.096370 -23.946979 -0.995052 -0.003599 0.099289 159.018249
0.098688 0.098023 0.990279 297.256053 -0.012654 0.995180 -0.097247 -23.991211 -0.995038 -0.002934 0.099453 159.071315
0.098071 0.098322 0.990311 297.734512 -0.012843 0.995150 -0.097530 -24.036101 -0.995097 -0.003154 0.098858 159.116529
0.097033 0.097832 0.990461 298.226836 -0.014261 0.995192 -0.096902 -24.078274 -0.995179 -0.004722 0.097962 159.171308
0.095569 0.096585 0.990726 298.731033 -0.014833 0.995309 -0.095601 -24.120324 -0.995312 -0.005559 0.096553 159.223868
0.093749 0.097266 0.990833 299.237098 -0.013113 0.995251 -0.096459 -24.166792 -0.995509 -0.003950 0.094579 159.272135
0.091859 0.100236 0.990714 299.744456 -0.010425 0.994963 -0.099700 -24.215589 -0.995717 -0.001170 0.092441 159.318251
0.090288 0.104155 0.990454 300.262559 -0.004767 0.994550 -0.104151 -24.268881 -0.995904 0.004682 0.090292 159.357070
0.087985 0.108927 0.990148 300.915331 -0.002596 0.994025 -0.109123 -24.336770 -0.996118 0.007031 0.087742 159.428669
0.085528 0.111945 0.990027 301.393274 -0.003399 0.993695 -0.112066 -24.372635 -0.996330 0.006220 0.085369 159.460036
0.083335 0.112358 0.990167 301.948830 -0.003162 0.993648 -0.112487 -24.420181 -0.996517 0.006243 0.083161 159.508979
0.081819 0.109521 0.990611 302.515312 0.000976 0.993934 -0.109969 -24.479445 -0.996647 0.009965 0.081216 159.549979
0.080765 0.104396 0.991251 303.095184 0.010311 0.994359 -0.105563 -24.541682 -0.996680 0.018746 0.079233 159.582864
0.078656 0.103550 0.991509 303.681410 0.011849 0.994423 -0.104794 -24.598910 -0.996831 0.019992 0.076990 159.625555
0.075568 0.106748 0.991410 304.277426 0.007122 0.994170 -0.107588 -24.655217 -0.997115 0.015191 0.074367 159.678166
0.073627 0.108524 0.991363 305.044035 0.004525 0.994015 -0.109151 -24.728919 -0.997276 0.012523 0.072695 159.772080
0.072327 0.106894 0.991636 305.556382 0.009443 0.994122 -0.107851 -24.777580 -0.997336 0.017165 0.070893 159.774887
0.071356 0.105175 0.991890 306.191537 0.014092 0.994220 -0.106435 -24.835477 -0.997351 0.021573 0.069461 159.811602
0.069636 0.105283 0.992001 306.838846 0.015574 0.994179 -0.106607 -24.900377 -0.997451 0.022873 0.067591 159.862090
0.067079 0.106244 0.992075 307.491369 0.011717 0.994162 -0.107260 -24.966927 -0.997679 0.018819 0.065443 159.913873
0.065064 0.108370 0.991979 308.147813 0.010156 0.993962 -0.109253 -25.030956 -0.997829 0.017183 0.063570 159.960655
0.063574 0.111523 0.991726 308.948048 0.008428 0.993641 -0.112279 -25.104052 -0.997942 0.015496 0.062229 160.037919
0.061652 0.113773 0.991592 309.539375 0.009937 0.993363 -0.114594 -25.162856 -0.998048 0.016919 0.060113 160.062009
0.060232 0.112206 0.991858 310.241267 0.007000 0.993590 -0.112827 -25.236255 -0.998160 0.013739 0.059060 160.102943
0.057904 0.111789 0.992043 310.948081 0.003233 0.993685 -0.112163 -25.308366 -0.998317 0.009702 0.057177 160.153977
0.055751 0.112629 0.992072 311.662827 0.002338 0.993600 -0.112934 -25.381203 -0.998442 0.008616 0.055131 160.197289
0.054619 0.117851 0.991528 312.445973 0.006025 0.992953 -0.118352 -25.462999 -0.998489 0.012439 0.053524 160.263019
0.052968 0.123908 0.990879 313.160049 0.007568 0.992194 -0.124477 -25.542655 -0.998568 0.014092 0.051617 160.281888
0.051599 0.127705 0.990469 313.900586 0.007361 0.991715 -0.128249 -25.622089 -0.998641 0.013908 0.050231 160.328310
0.051193 0.125200 0.990810 314.647906 0.011540 0.991970 -0.125943 -25.706199 -0.998622 0.017881 0.049337 160.362434
0.050484 0.119329 0.991570 315.412416 0.016625 0.992598 -0.120299 -25.794886 -0.998586 0.022558 0.048126 160.391981
0.049476 0.116514 0.991956 316.255687 0.020160 0.992853 -0.117625 -25.886311 -0.998572 0.025817 0.046774 160.439983
0.048279 0.117364 0.991915 316.972138 0.021924 0.992709 -0.118525 -25.966961 -0.998593 0.027469 0.045354 160.467067
0.047581 0.119273 0.991721 317.760885 0.022491 0.992466 -0.120442 -26.052014 -0.998614 0.028035 0.044540 160.504949
0.047117 0.120454 0.991600 318.549447 0.023650 0.992290 -0.121662 -26.137659 -0.998609 0.029183 0.043905 160.543234
0.047151 0.119531 0.991710 319.353004 0.023894 0.992395 -0.120750 -26.223732 -0.998602 0.029389 0.043936 160.580402
0.048227 0.117450 0.991907 320.150931 0.024619 0.992621 -0.118732 -26.309909 -0.998533 0.030146 0.044980 160.618750
0.049011 0.116363 0.991997 320.980565 0.025120 0.992733 -0.117690 -26.397938 -0.998482 0.030687 0.045731 160.671299
0.050332 0.115723 0.992005 321.815399 0.025654 0.992787 -0.117116 -26.492038 -0.998403 0.031344 0.047000 160.709393
0.051627 0.113781 0.992164 322.646864 0.025557 0.993013 -0.115208 -26.578636 -0.998339 0.031305 0.048359 160.760141
0.053360 0.112330 0.992237 323.480610 0.026194 0.993153 -0.113843 -26.665746 -0.998232 0.032066 0.050052 160.810757
0.055362 0.110990 0.992278 324.320709 0.027912 0.993242 -0.112655 -26.754809 -0.998076 0.033933 0.051890 160.857819
0.057250 0.110384 0.992239 325.227473 0.027687 0.993311 -0.112100 -26.849974 -0.997976 0.033890 0.053811 160.895875
0.059651 0.110784 0.992053 326.118849 0.029029 0.993210 -0.112659 -26.935119 -0.997797 0.035519 0.056030 160.966148
0.062748 0.109831 0.991968 326.962348 0.031042 0.993231 -0.111935 -27.025393 -0.997547 0.037816 0.058914 161.010461
0.065517 0.108657 0.991918 327.830049 0.032529 0.993293 -0.110957 -27.111827 -0.997321 0.039536 0.061543 161.067182
0.068397 0.107634 0.991835 328.701443 0.033655 0.993348 -0.110119 -27.202443 -0.997090 0.040912 0.064320 161.126579
0.071429 0.108318 0.991547 329.596550 0.034423 0.993226 -0.110982 -27.293762 -0.996852 0.042059 0.067217 161.192253
0.074450 0.108957 0.991255 330.479997 0.035035 0.993114 -0.111793 -27.382522 -0.996609 0.043051 0.070120 161.260739
0.077582 0.110064 0.990892 331.392113 0.034451 0.992998 -0.112995 -27.477113 -0.996391 0.042904 0.073247 161.312086
0.080288 0.111094 0.990561 332.174004 0.031875 0.992975 -0.113949 -27.557064 -0.996262 0.040723 0.076183 161.398704
0.082854 0.111898 0.990260 333.112960 0.030396 0.992930 -0.114743 -27.660454 -0.996098 0.039606 0.078867 161.477184
0.085024 0.112312 0.990029 334.021237 0.028118 0.992961 -0.115059 -27.759028 -0.995982 0.037621 0.081268 161.559533
0.086672 0.111320 0.989998 334.984482 0.027273 0.993100 -0.114056 -27.858802 -0.995864 0.036885 0.083038 161.627497
0.088533 0.108359 0.990162 335.816830 0.027959 0.993403 -0.111214 -27.950830 -0.995681 0.037530 0.084919 161.724840
0.089760 0.105660 0.990343 336.753943 0.027789 0.993704 -0.108537 -28.049224 -0.995576 0.037263 0.086259 161.811795
0.091016 0.105086 0.990289 337.666719 0.029616 0.993691 -0.108169 -28.147020 -0.995409 0.039174 0.087329 161.888765
0.091859 0.107472 0.989955 338.591433 0.031216 0.993359 -0.110738 -28.241568 -0.995283 0.041075 0.087894 161.971865
0.092218 0.106894 0.989985 339.483315 0.029375 0.993496 -0.110009 -28.328865 -0.995305 0.039226 0.088479 162.037967
0.092345 0.105292 0.990144 340.462680 0.026742 0.993772 -0.108172 -28.426629 -0.995368 0.036467 0.088954 162.149156
0.092587 0.103280 0.990334 341.359776 0.024711 0.994061 -0.105979 -28.523626 -0.995398 0.034284 0.089485 162.229413
0.092816 0.104639 0.990170 342.262133 0.022758 0.993980 -0.107175 -28.617762 -0.995423 0.032482 0.089876 162.323134
0.092915 0.105673 0.990051 343.182185 0.022479 0.993876 -0.108191 -28.710902 -0.995420 0.032308 0.089970 162.409833
0.093068 0.106209 0.989979 344.236666 0.021857 0.993837 -0.108677 -28.815787 -0.995420 0.031753 0.090173 162.500685
0.093280 0.106702 0.989906 345.088479 0.020576 0.993822 -0.109063 -28.910470 -0.995427 0.030542 0.090508 162.590969
0.093595 0.107354 0.989806 345.993497 0.020965 0.993737 -0.109763 -29.004713 -0.995390 0.031025 0.090758 162.673426
0.094096 0.107093 0.989786 346.894468 0.020885 0.993766 -0.109509 -29.099837 -0.995344 0.030977 0.091273 162.760622
0.094357 0.105428 0.989940 347.803453 0.021903 0.993916 -0.107939 -29.194359 -0.995297 0.031867 0.091473 162.848530
0.094671 0.106543 0.989791 348.701118 0.020597 0.993834 -0.108949 -29.288955 -0.995296 0.030701 0.091893 162.935698
0.094408 0.108531 0.989600 349.479921 0.020543 0.993616 -0.110931 -29.366934 -0.995322 0.030803 0.091576 163.013745
0.095623 0.110441 0.989272 350.519031 0.023062 0.993313 -0.113122 -29.470498 -0.995150 0.033632 0.092437 163.107817
0.096794 0.106783 0.989560 351.439310 0.025761 0.993626 -0.109741 -29.564009 -0.994971 0.036114 0.093426 163.196189
0.098544 0.103559 0.989730 352.338625 0.027586 0.993904 -0.106743 -29.661530 -0.994750 0.037821 0.095087 163.282997
0.100778 0.105014 0.989351 353.238823 0.031310 0.993587 -0.108652 -29.757605 -0.994416 0.041926 0.096843 163.371075
0.104052 0.110793 0.988382 354.121670 0.036702 0.992671 -0.115138 -29.843866 -0.993894 0.048256 0.099223 163.454346
0.107416 0.113347 0.987732 355.046775 0.040164 0.992174 -0.118225 -29.942675 -0.993403 0.052371 0.102023 163.551269
0.110941 0.113149 0.987365 355.965450 0.042789 0.992033 -0.118492 -30.046324 -0.992905 0.055394 0.105215 163.639995
0.114206 0.112100 0.987112 356.859154 0.044076 0.992063 -0.117761 -30.150072 -0.992479 0.056957 0.108359 163.747613
0.117646 0.114605 0.986420 357.752228 0.044723 0.991699 -0.120552 -30.252408 -0.992048 0.058298 0.111544 163.851085
0.120943 0.114360 0.986050 358.636295 0.044402 0.991724 -0.120465 -30.345874 -0.991666 0.058352 0.114864 163.956026
0.124800 0.110801 0.985976 359.539264 0.043763 0.992163 -0.117035 -30.451397 -0.991216 0.057755 0.118973 164.068787
0.129033 0.106425 0.985913 360.429556 0.041519 0.992773 -0.112599 -30.552904 -0.990771 0.055463 0.123682 164.189905
0.133512 0.105161 0.985452 361.324123 0.039493 0.993000 -0.111317 -30.649694 -0.990260 0.053781 0.128424 164.315329
0.138502 0.104686 0.984814 362.194790 0.037055 0.993153 -0.110784 -30.734704 -0.989669 0.051836 0.133675 164.439238
0.143955 0.103950 0.984109 363.078610 0.035171 0.993302 -0.110065 -30.832926 -0.988959 0.050456 0.139335 164.575445
0.150256 0.103760 0.983187 363.981506 0.033973 0.993348 -0.110024 -30.929931 -0.988063 0.049934 0.145732 164.716014
0.157351 0.105053 0.981939 364.856608 0.032019 0.993260 -0.111395 -31.023996 -0.987024 0.048969 0.152926 164.853771
0.165229 0.106035 0.980539 365.729803 0.029654 0.993220 -0.112403 -31.112504 -0.985809 0.047650 0.160965 165.010406
0.174504 0.107192 0.978805 366.685770 0.027146 0.993155 -0.113603 -31.214990 -0.984282 0.046394 0.170400 165.169993
0.183825 0.107480 0.977065 367.551350 0.025308 0.993157 -0.114012 -31.312058 -0.982633 0.045686 0.179847 165.338812
0.193103 0.107572 0.975264 368.462329 0.023645 0.993173 -0.114229 -31.414945 -0.980894 0.045118 0.189241 165.526524
0.202346 0.107371 0.973410 369.346635 0.021854 0.993229 -0.114100 -31.514194 -0.979070 0.044361 0.198630 165.713838
0.211177 0.107341 0.971536 370.232078 0.019565 0.993288 -0.113997 -31.609972 -0.977252 0.043082 0.207659 165.912375
0.219044 0.106800 0.969852 370.671681 0.018407 0.993362 -0.113546 -31.657355 -0.975541 0.042724 0.215624 166.062736
0.226115 0.106897 0.968218 371.976846 0.016137 0.993413 -0.113448 -31.800307 -0.973967 0.041276 0.222900 166.319797
0.231949 0.106725 0.966856 372.856906 0.015147 0.993446 -0.113294 -31.898871 -0.972610 0.040923 0.228812 166.540477
0.237001 0.107531 0.965540 373.743390 0.014001 0.993374 -0.114067 -31.995532 -0.971408 0.040553 0.233925 166.762043
0.241637 0.107114 0.964437 374.619568 0.013042 0.993441 -0.113603 -32.095063 -0.970279 0.040029 0.238655 166.985536
0.245972 0.107046 0.963348 375.523418 0.012175 0.993463 -0.113501 -32.187523 -0.969200 0.039647 0.243061 167.213207
0.250431 0.106774 0.962229 376.356222 0.012199 0.993473 -0.113416 -32.285394 -0.968058 0.040141 0.247494 167.444414
0.254922 0.107283 0.960992 377.250034 0.011808 0.993407 -0.114034 -32.382947 -0.966890 0.040417 0.251974 167.678454
0.259275 0.106904 0.959869 378.146402 0.011406 0.993447 -0.113725 -32.480490 -0.965736 0.040434 0.256356 167.921406
0.263688 0.105549 0.958816 379.034411 0.011066 0.993599 -0.112421 -32.578060 -0.964544 0.040254 0.260833 168.169115
0.267837 0.103837 0.957852 379.693104 0.010064 0.993820 -0.110550 -32.659378 -0.963412 0.039249 0.265137 168.394771
0.272544 0.101601 0.956764 380.811526 0.009951 0.994058 -0.108396 -32.771937 -0.962092 0.039064 0.269914 168.678851
0.277049 0.099399 0.955701 381.671463 0.009926 0.994286 -0.106289 -32.865742 -0.960805 0.038934 0.274479 168.930481
0.281301 0.097789 0.954624 382.549856 0.008744 0.994492 -0.104449 -32.958767 -0.959580 0.037729 0.278896 169.191999
0.285519 0.097975 0.953352 383.415550 0.008253 0.994472 -0.104673 -33.051147 -0.958338 0.037754 0.283132 169.459831
0.290167 0.101217 0.951608 384.267511 0.006366 0.994165 -0.107685 -33.144759 -0.956955 0.037305 0.287830 169.726730
0.294490 0.104444 0.949930 385.121588 0.003633 0.993880 -0.110402 -33.235201 -0.955648 0.035964 0.292308 169.998830
0.298953 0.104887 0.948486 386.048869 0.002309 0.993859 -0.110633 -33.334654 -0.954265 0.035264 0.296875 170.274063
0.301724 0.100996 0.948031 386.816163 0.000838 0.994345 -0.106196 -33.423590 -0.953395 0.032836 0.299933 170.556684
0.303959 0.098194 0.947611 387.661627 -0.002424 0.994751 -0.102301 -33.512379 -0.952682 0.028798 0.302601 170.829297
0.305227 0.099617 0.947055 388.493198 -0.006711 0.994714 -0.102467 -33.602994 -0.952256 0.024920 0.304282 171.113617
0.306069 0.105158 0.946184 389.320389 -0.010262 0.994187 -0.107173 -33.688620 -0.951954 0.023093 0.305369 171.390372
0.306829 0.109429 0.945453 390.139187 -0.011384 0.993719 -0.111321 -33.776254 -0.951697 0.023393 0.306147 171.665731
0.307229 0.110026 0.945254 390.969800 -0.013481 0.993697 -0.111283 -33.863621 -0.951540 0.021447 0.306776 171.943797
0.307365 0.106289 0.945637 391.791589 -0.016127 0.994182 -0.106504 -33.954530 -0.951455 0.017485 0.307290 172.223780
0.307416 0.102283 0.946062 392.592648 -0.018832 0.994666 -0.101418 -34.045508 -0.951389 0.013361 0.307702 172.502899
0.307336 0.100455 0.946284 393.421479 -0.020142 0.994876 -0.099071 -34.129591 -0.951388 0.011388 0.307785 172.781951
0.307437 0.099915 0.946308 393.586358 -0.020019 0.994931 -0.098545 -34.146567 -0.951358 0.011352 0.307879 172.907315
0.306178 0.100726 0.946630 395.006537 -0.020261 0.994851 -0.099304 -34.294096 -0.951759 0.011225 0.306643 173.321906
0.305696 0.101696 0.946683 395.807210 -0.020405 0.994751 -0.100271 -34.367453 -0.951911 0.011336 0.306166 173.595128
0.305673 0.097602 0.947121 396.614184 -0.014127 0.995088 -0.097985 -34.453402 -0.952032 0.016571 0.305550 173.838226
0.305713 0.095831 0.947289 397.418658 -0.012639 0.995243 -0.096604 -34.532158 -0.952040 0.017560 0.305470 174.100672
0.304871 0.098324 0.947305 398.211617 -0.013237 0.994998 -0.099014 -34.614915 -0.952302 0.017647 0.304648 174.370117
0.304843 0.102717 0.946848 398.999363 -0.010996 0.994480 -0.104344 -34.692776 -0.952339 0.021397 0.304289 174.628770
0.304811 0.107006 0.946383 399.794793 -0.009903 0.993971 -0.109197 -34.768307 -0.952361 0.023912 0.304033 174.883919
0.304693 0.106235 0.946508 400.749636 -0.010980 0.994086 -0.108040 -34.867859 -0.952387 0.022527 0.304057 175.173754
0.304003 0.102628 0.947127 401.517943 -0.009866 0.994466 -0.104591 -34.952224 -0.952620 0.022452 0.303334 175.451895
0.303680 0.102376 0.947258 402.343891 -0.010741 0.994515 -0.104040 -35.036480 -0.952714 0.021420 0.303114 175.725266
0.303633 0.103917 0.947105 403.187689 -0.010519 0.994340 -0.105728 -35.120627 -0.952731 0.022140 0.303007 176.005766
0.303968 0.106915 0.946664 404.015521 -0.008890 0.993958 -0.109402 -35.203811 -0.952641 0.024839 0.303082 176.279422
0.304140 0.107924 0.946494 404.854026 -0.008094 0.993819 -0.110719 -35.291498 -0.952593 0.026013 0.303134 176.557735
0.304078 0.106518 0.946673 405.702618 -0.008070 0.993982 -0.109249 -35.381103 -0.952613 0.025580 0.303107 176.841057
0.304435 0.103442 0.946900 406.570631 -0.006873 0.994299 -0.106410 -35.473400 -0.952508 0.025886 0.303411 177.123888
0.304876 0.103056 0.946800 407.440278 -0.004434 0.994271 -0.106796 -35.563009 -0.952382 0.028362 0.303586 177.405904
0.306497 0.103066 0.946275 408.252782 0.000150 0.994116 -0.108325 -35.646475 -0.951872 0.033343 0.304678 177.634253
0.307031 0.102872 0.946123 409.270889 0.003573 0.994009 -0.109239 -35.749247 -0.951693 0.036920 0.304824 177.971672
0.308373 0.100952 0.945893 410.160879 0.006062 0.994124 -0.108076 -35.839857 -0.951246 0.039062 0.305949 178.258564
0.309787 0.099619 0.945573 410.975167 0.012005 0.994007 -0.108655 -35.942159 -0.950730 0.045012 0.306735 178.540105
0.311582 0.097990 0.945153 411.927845 0.016454 0.993963 -0.108474 -36.033307 -0.950077 0.049350 0.308088 178.829197
0.311749 0.095257 0.945378 412.801534 0.014393 0.994374 -0.104940 -36.122870 -0.950056 0.046322 0.308624 179.129966
0.312470 0.089979 0.945656 412.593294 0.011947 0.995053 -0.098627 -36.100448 -0.949852 0.042115 0.309850 179.145022
0.312603 0.086009 0.945982 414.503306 0.012257 0.995444 -0.094557 -36.298567 -0.949805 0.041153 0.310125 179.715600
0.312950 0.087582 0.945723 415.390299 0.012142 0.995289 -0.096190 -36.380243 -0.949692 0.041585 0.310412 180.016802
0.313763 0.089901 0.945236 416.299653 0.012983 0.995008 -0.098944 -36.472308 -0.949412 0.043317 0.311030 180.299036
0.314752 0.091733 0.944731 417.154725 0.014194 0.994753 -0.101319 -36.557094 -0.949068 0.045300 0.311799 180.583848
0.315445 0.089874 0.944678 418.008124 0.016096 0.994855 -0.100022 -36.648345 -0.948807 0.046757 0.312375 180.880693
0.316183 0.087244 0.944678 418.869664 0.017900 0.995037 -0.097886 -36.729472 -0.948529 0.047859 0.313052 181.157990
0.316792 0.085665 0.944619 419.036751 0.017782 0.995202 -0.096216 -36.746654 -0.948328 0.047278 0.313748 181.265990
0.316103 0.086414 0.944781 420.422715 0.016503 0.995192 -0.096546 -36.893754 -0.948581 0.046111 0.313157 181.691556
0.316070 0.086527 0.944782 421.266993 0.015928 0.995208 -0.096474 -36.971278 -0.948602 0.045541 0.313177 181.966616
0.315508 0.084709 0.945134 422.088397 0.017092 0.995339 -0.094915 -37.052810 -0.948769 0.046101 0.312590 182.245504
0.314657 0.081977 0.945659 422.898450 0.018101 0.995564 -0.092326 -37.136378 -0.949033 0.046169 0.311777 182.520299
0.314155 0.080076 0.945989 423.352793 0.017890 0.995760 -0.090230 -37.177166 -0.949203 0.045270 0.311390 182.692229
0.312583 0.079841 0.946529 424.305565 0.018530 0.995759 -0.090113 -37.272221 -0.949710 0.045707 0.309778 183.004353
0.311587 0.081293 0.946734 425.065707 0.020446 0.995529 -0.092212 -37.343304 -0.949998 0.048089 0.308532 183.245400
0.310305 0.085638 0.946772 425.837292 0.020175 0.995117 -0.096624 -37.420969 -0.950423 0.049084 0.307062 183.499098
0.308887 0.091220 0.946714 426.601323 0.018280 0.994637 -0.101801 -37.501209 -0.950923 0.048751 0.305563 183.753963
0.307700 0.095596 0.946669 427.373222 0.017503 0.994203 -0.106086 -37.580556 -0.951323 0.049212 0.304243 184.001512
0.306602 0.096691 0.946914 427.172325 0.017618 0.994080 -0.107212 -37.562071 -0.951675 0.049554 0.303083 184.007501
0.305030 0.092895 0.947801 428.870495 0.016761 0.994553 -0.102871 -37.733410 -0.952195 0.047265 0.301812 184.489676
0.303723 0.088505 0.948641 429.625189 0.016666 0.995030 -0.098169 -37.807397 -0.952615 0.045626 0.300738 184.737542
0.302983 0.086382 0.949073 430.356980 0.018364 0.995169 -0.096440 -37.890563 -0.952819 0.046649 0.299933 184.970573
0.302352 0.086916 0.949225 431.101690 0.020281 0.995022 -0.097570 -37.966647 -0.952981 0.048752 0.299084 185.205894
0.302080 0.088840 0.949134 431.841206 0.020036 0.994836 -0.099494 -38.037683 -0.953072 0.049072 0.298740 185.443486
0.301993 0.090041 0.949049 432.584149 0.020260 0.994698 -0.100819 -38.108023 -0.953095 0.049674 0.298567 185.678056
0.302296 0.090065 0.948949 432.997463 0.022658 0.994566 -0.101613 -38.148274 -0.952945 0.052219 0.298613 185.825387
0.301981 0.090841 0.948976 433.996640 0.023227 0.994453 -0.102585 -38.248700 -0.953031 0.053020 0.298196 186.130797
0.301868 0.091900 0.948910 434.728781 0.024690 0.994256 -0.104146 -38.325498 -0.953030 0.054867 0.297865 186.366312
0.301955 0.093741 0.948702 435.474096 0.023095 0.994142 -0.105581 -38.399528 -0.953042 0.053791 0.298021 186.603032
0.301726 0.093449 0.948804 436.186806 0.024187 0.994114 -0.105604 -38.476049 -0.953088 0.054812 0.297690 186.840829
0.302018 0.092348 0.948819 436.929390 0.023990 0.994245 -0.104405 -38.552683 -0.953000 0.054294 0.298064 187.080713
0.302918 0.090500 0.948710 437.668982 0.024867 0.994391 -0.102798 -38.630660 -0.952692 0.054731 0.298969 187.314800
0.304830 0.088867 0.948252 437.421191 0.025371 0.994526 -0.101359 -38.606185 -0.952069 0.054955 0.300906 187.282871
0.305854 0.086738 0.948119 439.030439 0.025868 0.994717 -0.099346 -38.767453 -0.951727 0.054912 0.301995 187.773809
0.307549 0.085229 0.947708 439.747291 0.025902 0.994862 -0.097875 -38.845921 -0.951180 0.054649 0.303761 188.005959
0.309882 0.086114 0.946867 440.463393 0.024276 0.994849 -0.098422 -38.916987 -0.950465 0.053486 0.306195 188.223308
0.311745 0.087610 0.946118 441.164311 0.022511 0.994780 -0.099534 -38.988119 -0.949899 0.052327 0.308145 188.458777
0.313785 0.088208 0.945388 441.862743 0.022168 0.994723 -0.100169 -39.059627 -0.949235 0.052389 0.310173 188.691367
0.315504 0.088086 0.944827 442.543924 0.020920 0.994795 -0.099730 -39.129789 -0.948694 0.051232 0.312019 188.923877
0.316470 0.087179 0.944588 442.262832 0.020414 0.994912 -0.098663 -39.108159 -0.948383 0.050507 0.313080 188.904431
0.317588 0.086207 0.944302 443.702778 0.018544 0.995104 -0.097082 -39.246750 -0.948047 0.048343 0.314435 189.334820
0.318843 0.085572 0.943937 444.358624 0.018094 0.995185 -0.096330 -39.323070 -0.947635 0.047794 0.315759 189.558453
0.319736 0.085716 0.943622 444.959189 0.017704 0.995185 -0.096398 -39.381191 -0.947341 0.047528 0.316679 189.769022
0.320700 0.085433 0.943320 445.584705 0.018083 0.995190 -0.096279 -39.452236 -0.947008 0.047935 0.317612 189.988782
0.321884 0.085292 0.942930 446.207305 0.018769 0.995163 -0.096423 -39.506352 -0.946593 0.048735 0.318726 190.210680
0.322952 0.084603 0.942626 446.820347 0.020063 0.995161 -0.096191 -39.567763 -0.946203 0.049977 0.319692 190.426021
0.324460 0.084644 0.942104 447.408938 0.019863 0.995159 -0.096252 -39.633163 -0.945691 0.049943 0.321208 190.608958
0.325204 0.085561 0.941765 447.249060 0.018831 0.995115 -0.096910 -39.619476 -0.945457 0.049250 0.322004 190.620017
0.326555 0.085537 0.941300 448.462016 0.018258 0.995140 -0.096764 -39.742143 -0.945002 0.048785 0.323406 190.989286
0.327570 0.085727 0.940930 449.032392 0.017979 0.995129 -0.096924 -39.795028 -0.944656 0.048666 0.324433 191.188071
0.328338 0.085662 0.940668 449.553318 0.017965 0.995133 -0.096893 -39.845407 -0.944389 0.048712 0.325201 191.379330
0.329121 0.085392 0.940419 450.101431 0.016659 0.995223 -0.096198 -39.899400 -0.944141 0.047327 0.326126 191.571693
0.329618 0.084549 0.940321 450.631744 0.015528 0.995362 -0.094941 -39.956122 -0.943987 0.045896 0.326776 191.764131
0.330203 0.083593 0.940201 451.150397 0.014984 0.995481 -0.093770 -40.010786 -0.943791 0.045051 0.327458 191.954389
0.331298 0.083084 0.939861 451.667156 0.015963 0.995479 -0.093628 -40.058098 -0.943391 0.046022 0.328474 192.124294
0.331720 0.084131 0.939619 452.157178 0.016405 0.995350 -0.094912 -40.108558 -0.943235 0.046898 0.328797 192.307514
0.332306 0.087283 0.939124 452.647833 0.015156 0.995086 -0.097847 -40.159221 -0.943050 0.046748 0.329350 192.484769
0.332463 0.090457 0.938768 452.445279 0.013550 0.994829 -0.100657 -40.151993 -0.943019 0.046185 0.329518 192.474156
0.334168 0.092509 0.937962 453.324207 0.013018 0.994624 -0.102735 -40.223793 -0.942423 0.046541 0.331168 192.734657
0.334954 0.092891 0.937645 453.779129 0.014749 0.994490 -0.103792 -40.278092 -0.942119 0.048595 0.331738 192.898816
0.335131 0.092644 0.937605 454.175301 0.015829 0.994460 -0.103919 -40.322818 -0.942038 0.049667 0.331808 193.052147
0.334365 0.091189 0.938022 454.609081 0.015837 0.994624 -0.102336 -40.371833 -0.942311 0.049074 0.331123 193.212647
0.333094 0.090125 0.938576 455.029925 0.014108 0.994834 -0.100533 -40.422474 -0.942788 0.046729 0.330102 193.368155
0.331823 0.089427 0.939093 455.440983 0.014018 0.994919 -0.099697 -40.463919 -0.943238 0.046246 0.328883 193.516972
0.330552 0.088838 0.939597 455.836718 0.014010 0.994988 -0.099004 -40.504068 -0.943684 0.045890 0.327651 193.656759
0.329453 0.088268 0.940037 456.219298 0.014513 0.995029 -0.098518 -40.544957 -0.944060 0.046099 0.326535 193.787558
0.328403 0.087935 0.940436 456.591004 0.014154 0.995087 -0.097988 -40.584147 -0.944432 0.045491 0.325544 193.921616
0.327333 0.087306 0.940867 456.960133 0.014282 0.995151 -0.097312 -40.617137 -0.944801 0.045291 0.324499 194.050586
0.326174 0.086353 0.941357 456.899133 0.015266 0.995208 -0.096582 -40.618500 -0.945186 0.045873 0.323293 194.061184
0.325174 0.086042 0.941732 457.343243 0.015428 0.995237 -0.096258 -40.651364 -0.945528 0.045830 0.322297 194.211169
0.324475 0.085501 0.942022 457.627901 0.014798 0.995326 -0.095436 -40.687182 -0.945778 0.044907 0.321693 194.297821
0.323492 0.085679 0.942344 457.945005 0.013383 0.995378 -0.095095 -40.719241 -0.946136 0.043373 0.320850 194.410180
0.322425 0.085752 0.942703 458.254838 0.012109 0.995433 -0.094690 -40.752688 -0.946518 0.041945 0.319914 194.519243
0.321347 0.085699 0.943076 458.553864 0.012547 0.995424 -0.094731 -40.783715 -0.946878 0.042274 0.318801 194.620701
0.320518 0.086190 0.943313 458.844657 0.013707 0.995325 -0.095600 -40.811339 -0.947143 0.043571 0.317839 194.714691
0.319872 0.087227 0.943437 459.127070 0.014555 0.995183 -0.096946 -40.841355 -0.947349 0.044742 0.317062 194.813035
0.319529 0.087779 0.943502 459.417097 0.014516 0.995130 -0.097498 -40.867342 -0.947465 0.044850 0.316699 194.903338
0.319339 0.086987 0.943640 459.700867 0.014356 0.995220 -0.096600 -40.900896 -0.947532 0.044395 0.316564 194.998445
0.319586 0.086770 0.943576 459.972027 0.013321 0.995289 -0.096037 -40.927325 -0.947464 0.043261 0.316925 195.100967
0.320515 0.086563 0.943280 460.237856 0.012553 0.995340 -0.095605 -40.956022 -0.947160 0.042484 0.317935 195.194256
0.322415 0.086758 0.942614 460.517259 0.011070 0.995377 -0.095401 -40.978215 -0.946534 0.041194 0.319964 195.270716
0.323507 0.087188 0.942200 460.786123 0.009673 0.995389 -0.095432 -41.001901 -0.946176 0.039987 0.321171 195.382507
0.326321 0.087209 0.941228 461.056606 0.009150 0.995397 -0.095400 -41.030278 -0.945215 0.039743 0.324021 195.477497
0.329269 0.087511 0.940172 461.202450 0.010167 0.995310 -0.096204 -41.042327 -0.944181 0.041236 0.326835 195.565413
0.337116 0.086503 0.937481 461.490713 0.010100 0.995380 -0.095478 -41.079286 -0.941409 0.041656 0.334685 195.632304
0.344425 0.087247 0.934751 461.751881 0.008748 0.995331 -0.096124 -41.108335 -0.938773 0.041285 0.342054 195.741630
0.352942 0.088526 0.931448 461.985657 0.007396 0.995219 -0.097389 -41.117002 -0.935616 0.041262 0.350600 195.863287
0.363530 0.089553 0.927268 462.260184 0.005944 0.995126 -0.098437 -41.146361 -0.931563 0.041297 0.361226 195.977020
0.375408 0.089550 0.922523 462.537456 0.005766 0.995077 -0.098940 -41.177380 -0.926842 0.042462 0.373044 196.093713
0.389626 0.089745 0.916590 462.823173 0.003667 0.995082 -0.098989 -41.207119 -0.920966 0.041930 0.387380 196.226539
0.405585 0.091452 0.909471 463.102682 0.000544 0.994958 -0.100291 -41.231549 -0.914057 0.041171 0.403490 196.364550
0.423316 0.093344 0.901161 463.391308 -0.003578 0.994843 -0.101367 -41.256183 -0.905975 0.039686 0.421467 196.509287
0.442391 0.095101 0.891766 463.676364 -0.005518 0.994631 -0.103334 -41.288905 -0.896805 0.040793 0.440541 196.656632
0.461995 0.096935 0.881569 463.961294 -0.007579 0.994404 -0.105370 -41.334691 -0.886850 0.041999 0.460144 196.792424
0.481368 0.098259 0.870994 464.226652 -0.008466 0.994172 -0.107476 -41.359490 -0.876478 0.044362 0.479394 196.966055
0.500773 0.100957 0.859671 464.483989 -0.014833 0.994030 -0.108096 -41.392240 -0.865451 0.041380 0.499281 197.134761
0.514983 0.105642 0.850666 464.759761 -0.020396 0.993606 -0.111046 -41.417390 -0.856958 0.039837 0.513845 197.300512
0.517469 0.111182 0.848448 464.993836 -0.027138 0.993157 -0.113594 -41.441731 -0.855272 0.035756 0.516945 197.510389
0.518866 0.111839 0.847508 465.215498 -0.028857 0.993131 -0.113390 -41.489430 -0.854368 0.034378 0.518530 197.633771
0.514731 0.113409 0.849818 465.478073 -0.030023 0.992989 -0.114330 -41.507842 -0.856826 0.033335 0.514528 197.772238
0.504611 0.114033 0.855783 465.672214 -0.029232 0.992927 -0.115070 -41.526712 -0.862852 0.033049 0.504376 197.906488
0.491482 0.113410 0.863472 465.906232 -0.025839 0.992947 -0.115709 -41.556212 -0.870504 0.034558 0.490946 198.030329
0.476591 0.112658 0.871877 466.143538 -0.021550 0.992954 -0.116523 -41.586185 -0.878861 0.036744 0.475661 198.146545
0.459003 0.110990 0.881475 466.375610 -0.015951 0.993036 -0.116731 -41.616953 -0.888292 0.039519 0.457576 198.246233
0.438729 0.110587 0.891789 466.614584 -0.012648 0.993060 -0.116923 -41.646592 -0.898530 0.040018 0.437083 198.349277
0.417813 0.110755 0.901757 466.849096 -0.010850 0.993079 -0.116944 -41.673586 -0.908468 0.039077 0.416123 198.444468
0.396774 0.110526 0.911238 467.100169 -0.009759 0.993176 -0.116215 -41.705761 -0.917864 0.037218 0.395145 198.540289
0.376894 0.109761 0.919730 467.362327 -0.007888 0.993298 -0.115308 -41.735517 -0.926223 0.036204 0.375234 198.627529
0.358422 0.108272 0.927260 467.624432 -0.002554 0.993362 -0.115003 -41.772407 -0.933556 0.038852 0.356319 198.710653
0.341985 0.107317 0.933557 467.894094 0.003321 0.993313 -0.115403 -41.805381 -0.939700 0.042567 0.339342 198.789403
0.324570 0.106729 0.939821 468.196516 0.006403 0.993343 -0.115018 -41.838354 -0.945840 0.043349 0.321726 198.897464
0.312286 0.106246 0.944028 468.450477 0.006364 0.993470 -0.113916 -41.875140 -0.949967 0.041582 0.309570 198.958794
0.301001 0.104471 0.947884 468.715771 0.007044 0.993710 -0.111759 -41.902334 -0.953598 0.040316 0.298372 199.043835
0.292017 0.101636 0.950997 468.977218 0.008913 0.994005 -0.108969 -41.931954 -0.956372 0.040297 0.289361 199.116315
0.284994 0.100343 0.953263 469.228613 0.010392 0.994124 -0.107751 -41.959364 -0.958473 0.040614 0.282276 199.186418
0.282880 0.100238 0.953903 469.469767 0.011751 0.994087 -0.107945 -41.986508 -0.959083 0.041744 0.280030 199.254874
0.285570 0.100734 0.953049 469.699693 0.011502 0.994029 -0.108511 -42.012470 -0.958289 0.041950 0.282706 199.322503
0.291861 0.099634 0.951257 469.918366 0.012703 0.994068 -0.108016 -42.038756 -0.956376 0.043610 0.288864 199.393959
0.301831 0.098172 0.948293 470.133215 0.014524 0.994095 -0.107536 -42.059751 -0.953251 0.046231 0.298623 199.464626
0.313820 0.097377 0.944476 470.331349 0.012544 0.994215 -0.106673 -42.084703 -0.949400 0.045324 0.310783 199.539579
0.326751 0.099244 0.939885 470.514736 0.006601 0.994207 -0.107275 -42.105604 -0.945087 0.041256 0.324204 199.629734
0.340358 0.101529 0.934798 470.691235 0.000775 0.994123 -0.108255 -42.129485 -0.940296 0.037570 0.338279 199.714280
0.354145 0.101945 0.929617 470.851622 -0.002932 0.994157 -0.107905 -42.146262 -0.935186 0.035488 0.352375 199.800433
0.368777 0.100031 0.924120 471.010378 -0.005413 0.994407 -0.105478 -42.163033 -0.929502 0.033895 0.367256 199.877034
0.383463 0.098189 0.918322 471.162021 -0.004514 0.994520 -0.104452 -42.178300 -0.923545 0.035908 0.381805 199.952699
0.400324 0.096844 0.911242 471.290973 0.004656 0.994172 -0.107704 -42.196915 -0.916362 0.047359 0.397540 199.985324
0.415959 0.099781 0.903893 471.410172 0.008851 0.993471 -0.113742 -42.217939 -0.909340 0.055313 0.412360 200.054968
0.431448 0.102364 0.896312 471.517419 0.006511 0.993162 -0.116559 -42.220437 -0.902114 0.056125 0.427831 200.122171
0.445367 0.104131 0.889272 471.623451 -0.002529 0.993356 -0.115052 -42.235725 -0.895345 0.048991 0.442671 200.198761
0.458660 0.103981 0.882507 471.719851 -0.009641 0.993654 -0.112066 -42.254460 -0.888559 0.042892 0.456752 200.278736
0.471650 0.103516 0.875689 471.815931 -0.012645 0.993777 -0.110665 -42.263445 -0.881695 0.041122 0.470024 200.346552
0.483751 0.102355 0.869200 471.907633 -0.013307 0.993883 -0.109632 -42.275269 -0.875105 0.041468 0.482154 200.409926
0.495880 0.101857 0.862397 471.993562 -0.014357 0.993923 -0.109136 -42.284533 -0.868272 0.041737 0.494329 200.468043
0.507218 0.101534 0.855816 472.072791 -0.015304 0.993940 -0.108852 -42.293270 -0.861682 0.042114 0.505699 200.527068
0.517654 0.100335 0.849686 472.147488 -0.015571 0.994040 -0.107895 -42.300698 -0.855448 0.042621 0.516132 200.582852
0.527224 0.098163 0.844038 472.220114 -0.015194 0.994235 -0.106140 -42.307604 -0.849591 0.043135 0.525676 200.637404
0.534502 0.098613 0.839394 472.286764 -0.017788 0.994262 -0.105480 -42.316544 -0.844980 0.041448 0.533190 200.693596
0.541848 0.102857 0.834159 472.332834 -0.024846 0.994010 -0.106429 -42.325303 -0.840109 0.036943 0.541157 200.743714
0.550278 0.109469 0.827775 472.367673 -0.034915 0.993518 -0.108177 -42.337374 -0.834251 0.030625 0.550533 200.796046
0.556163 0.114415 0.823159 472.401115 -0.041790 0.993075 -0.109797 -42.344257 -0.830022 0.026665 0.557093 200.839084
0.561056 0.113568 0.819950 472.449082 -0.041646 0.993162 -0.109062 -42.350503 -0.826730 0.027043 0.561949 200.877937
0.567514 0.108513 0.816182 472.495154 -0.037361 0.993650 -0.106129 -42.355744 -0.822516 0.029736 0.567965 200.910326
0.572810 0.103484 0.813129 472.541409 -0.032915 0.994102 -0.103329 -42.360388 -0.819027 0.032424 0.572838 200.937725
0.576756 0.101803 0.810548 472.581755 -0.032314 0.994271 -0.101885 -42.362029 -0.816277 0.032571 0.576742 200.972384
0.581730 0.103499 0.806770 472.614049 -0.036581 0.994197 -0.101167 -42.365453 -0.812559 0.029340 0.582140 201.007377
0.585968 0.106320 0.803329 472.642500 -0.041836 0.994002 -0.101039 -42.371348 -0.809253 0.025598 0.586902 201.043813
0.588645 0.109001 0.801009 472.676095 -0.046103 0.993782 -0.101353 -42.377534 -0.807076 0.022732 0.590010 201.082240
