0.000000 -0.000000 -0.000200 -0.000094 0.000000 0.000000
-0.140643 2.574964 -0.030253 2.077980 -0.032269 2.067020
-0.281220 5.148987 -0.088982 4.297540 -0.095091 4.294810
-0.421837 7.724036 -0.187558 6.664318 -0.191541 6.649460
-0.562431 10.298960 -0.313105 9.136957 -0.320634 9.088860
-0.701879 12.869650 -0.439659 11.622881 -0.446667 11.617400
-0.854664 15.479570 -0.606682 14.255226 -0.612720 14.211300
-1.011589 18.173180 -0.784875 16.923826 -0.786942 16.888600
-1.171840 20.913680 -0.961327 19.631174 -0.969152 19.605100
-1.334841 23.709530 -1.160380 22.405717 -1.152990 22.376500
-1.487044 26.544710 -1.338543 25.250749 -1.329650 25.197100
-1.633363 29.422930 -1.514226 28.140576 -1.490830 28.042700
-1.768976 32.357140 -1.668640 31.030071 -1.654730 30.947200
-1.929780 35.330970 -1.874419 34.013429 -1.840170 33.876400
-2.126953 38.471510 -2.084645 36.997313 -2.033620 36.827200
-2.329940 41.561110 -2.297287 39.950583 -2.245050 39.777000
-2.535885 44.597900 -2.511522 42.974143 -2.466630 42.755100
-2.728914 47.592750 -2.732312 45.905866 -2.668980 45.691900
-2.937935 50.537730 -2.966296 48.924994 -2.900310 48.583300
-3.130185 53.464980 -3.182807 51.832194 -3.108980 51.500400
-3.310922 56.350390 -3.390277 54.656452 -3.308700 54.358500
-3.511313 59.225400 -3.609408 57.489085 -3.526900 57.184100
-3.703384 62.006320 -3.847659 60.237464 -3.754980 59.956600
-3.912602 64.697860 -4.097668 62.929378 -3.998310 62.642000
-4.114442 67.264550 -4.334085 65.463223 -4.233800 65.213400
-4.313021 69.714240 -4.580333 67.932774 -4.459510 67.637200
-4.514875 72.037350 -4.823881 70.246179 -4.703820 69.953800
-4.709494 74.175390 -5.048473 72.320072 -4.920680 72.074200
-4.891889 76.138280 -5.268923 74.220005 -5.140830 74.037600
-5.039038 77.925340 -5.440329 76.089980 -5.302390 75.834400
-5.159772 79.592300 -5.585257 77.753021 -5.453700 77.510200
-5.235209 81.135380 -5.682023 79.368616 -5.543670 79.061700
-5.207469 82.555940 -5.647972 80.793353 -5.519480 80.493300
-5.029560 83.885300 -5.493744 82.315334 -5.343360 81.840700
-4.680938 85.118200 -5.144215 83.476778 -5.004630 83.069500
-4.130089 86.200010 -4.600507 84.194688 -4.482700 84.147900
-3.393066 87.095580 -3.921120 85.565609 -3.759930 85.069900
-2.508137 87.820100 -3.030580 86.358405 -2.895560 85.795700
-1.511055 88.343490 -2.044861 86.334264 -1.900970 86.349500
-0.450022 88.747950 -0.965698 87.277406 -0.877043 86.771600
0.676345 89.023150 0.148826 87.473484 0.230503 87.042000
1.832910 89.277150 1.269222 87.352118 1.371960 87.301100
3.089762 89.418990 2.604707 87.757408 2.620580 87.446200
4.475771 89.556060 3.999653 87.833286 3.992650 87.593500
5.974572 89.621010 5.479606 87.828604 5.486100 87.673000
7.614093 89.671530 7.161352 87.898518 7.124000 87.733100
9.420230 89.707860 8.953603 87.890462 8.935970 87.789300
11.388370 89.721450 10.966882 87.935180 10.908200 87.826000
13.505010 89.738680 13.066870 87.949632 13.025900 87.888000
15.773680 89.805260 15.325774 88.023209 15.308500 87.990000
18.156510 89.929480 17.761349 88.177188 17.682100 88.139200
20.581930 90.082780 20.168285 88.327735 20.092200 88.303700
23.034320 90.227690 22.639472 88.579086 22.544700 88.469500
25.478370 90.365000 25.065252 88.673564 24.985200 88.652700
27.909920 90.499220 27.568444 88.923963 27.422800 88.816100
30.340320 90.588890 29.926200 88.960503 29.865200 88.928900
32.740690 90.598330 32.294374 89.009224 32.255200 88.966400
35.110390 90.529620 34.680891 89.000114 34.615800 88.924500
37.430830 90.386730 37.148899 88.949796 36.928300 88.812200
39.683630 90.176290 39.344270 88.740653 39.190900 88.634000
41.863240 89.910310 41.604250 88.531975 41.392000 88.395600
43.959460 89.634420 43.722583 88.287551 43.497300 88.153500
45.922800 89.378560 45.639688 88.080210 45.446800 87.929500
47.726310 89.193250 47.558487 87.923375 47.228100 87.775100
49.366470 89.121130 49.175478 87.867412 48.861800 87.726700
50.939410 89.191540 50.770435 87.964236 50.396500 87.803900
52.464070 89.450930 52.288551 88.232180 51.880300 88.070700
53.889450 89.945260 53.711119 88.745207 53.287900 88.557400
55.133190 90.660970 54.946900 89.477989 54.534500 89.293200
56.158450 91.620300 55.986950 90.486680 55.539800 90.256100
56.967930 92.764920 56.512987 91.574108 56.339000 91.407400
57.539920 94.061200 57.137159 92.889493 56.905400 92.697500
57.927200 95.446880 57.739541 94.393751 57.250700 94.012200
58.277310 96.884370 58.016183 95.846593 57.590000 95.432800
58.589460 98.403450 58.152115 97.246403 57.867700 96.939400
58.940360 100.002400 58.566153 99.014831 58.195400 98.487400
59.343230 101.692600 58.888161 100.691467 58.559700 100.170000
59.798800 103.499800 59.336551 102.569689 58.985800 101.967000
60.309140 105.392300 59.740980 104.397621 59.453600 103.869000
60.819120 107.363700 60.269090 106.307163 59.932700 105.852000
61.355080 109.477800 60.743772 108.510086 60.434000 107.968000
61.874140 111.669200 61.275790 110.724728 60.912400 110.170000
62.417580 113.964900 61.792519 113.069990 61.414000 112.479000
62.973720 116.373200 62.327404 115.489120 61.913500 114.862000
63.512460 118.836400 62.819786 117.922252 62.409900 117.301000
64.057360 121.342700 63.333432 120.457351 62.906000 119.803000
64.655860 123.876700 63.905359 122.984619 63.463400 122.308000
65.262090 126.422600 64.476535 125.436582 64.036900 124.815000
65.864770 128.941000 65.065617 128.070526 64.588300 127.311000
66.510510 131.382800 65.663947 130.534020 65.168000 129.761000
67.135460 133.867500 66.235844 133.053792 65.717500 132.241000
67.748220 136.262500 66.766929 135.448185 66.239200 134.631000
68.311480 138.668800 67.285058 137.876413 66.752700 137.059000
68.830800 141.066900 67.752438 140.320012 67.209500 139.473000
69.359830 143.451000 68.214506 142.643803 67.677000 141.857000
69.844620 145.829800 68.647560 144.953554 68.121100 144.221000
70.257380 148.240700 69.051005 147.426460 68.509300 146.614000
70.634070 150.615300 69.408668 149.784995 68.857200 148.969000
70.952630 153.048800 69.703958 152.245179 69.127400 151.404000
71.236680 155.482600 69.945135 154.666787 69.371700 153.851000
71.430750 157.958600 70.120881 157.170284 69.538400 156.327000
71.592060 160.420500 70.253956 159.615526 69.664000 158.781000
71.705560 162.889100 70.350024 162.084633 69.750800 161.252000
71.811250 165.386800 70.434982 164.578270 69.843800 163.719000
71.901490 167.846500 70.496203 167.027587 69.908100 166.144000
71.944200 170.358200 70.516649 169.613074 69.917000 168.658000
71.944230 172.867000 70.492425 171.994696 69.893200 171.134000
71.880770 175.411200 70.390793 174.552930 69.794800 173.648000
71.759300 177.947700 70.235978 176.959136 69.642000 176.164000
71.629380 180.489300 70.096391 179.575705 69.478200 178.689000
71.495820 183.069400 69.912830 182.096984 69.310400 181.250000
71.389860 185.611000 69.776020 184.640176 69.166000 183.786000
71.229200 188.181800 69.577826 187.218779 68.962600 186.338000
71.075770 190.694700 69.390294 189.705789 68.762900 188.839000
70.908190 193.208300 69.197355 192.252911 68.555100 191.356000
70.732240 195.676300 69.008272 194.760322 68.357200 193.804000
70.587330 197.902600 68.824229 197.193336 68.149700 196.229000
70.462020 200.022200 68.652604 199.464779 67.964900 198.486000
70.336670 202.141700 68.490596 201.453967 67.805200 200.563000
70.211280 204.261000 68.354248 203.681936 67.667000 202.575000
70.085900 206.379000 68.260310 205.757252 67.567000 204.546000
69.986060 208.445300 68.205775 207.674121 67.504900 206.492000
70.007780 210.375700 68.221237 209.705652 67.512600 208.441000
70.026080 212.295900 68.215264 211.637762 67.494500 210.383000
70.017620 214.252400 68.203947 213.210619 67.478900 212.325000
70.013230 216.217200 68.195347 215.526632 67.454700 214.285000
69.972110 218.270700 68.161201 217.425007 67.413800 216.329000
69.934360 220.317400 68.111594 219.496813 67.356400 218.377000
69.972850 222.305500 68.070802 221.417516 67.303300 220.460000
69.981630 224.353700 68.005736 223.429414 67.245700 222.556000
69.981870 226.399100 67.957638 225.530428 67.182600 224.655000
69.949190 228.454500 67.873669 227.583196 67.089200 226.731000
69.907170 230.454300 67.795354 229.625523 67.004200 228.761000
69.859830 232.418200 67.711365 231.618496 66.915700 230.737000
69.810200 234.247600 67.628269 233.462377 66.819000 232.573000
69.754960 235.896800 67.535557 235.098045 66.714400 234.236000
69.602960 237.437200 67.368359 236.569986 66.532500 235.762000
69.315000 238.920100 67.044847 238.128285 66.212300 237.205000
68.846420 240.276600 66.573458 239.337817 65.721900 238.486000
68.166090 241.479400 65.893223 240.556783 65.066100 239.602000
67.318270 242.492800 65.055917 241.510722 64.239900 240.584000
66.332240 243.344200 64.085751 242.249931 63.268300 241.408000
65.260110 243.991900 62.948239 243.062076 62.158400 242.040000
64.140300 244.474300 61.794898 243.522573 61.051900 242.472000
62.867510 244.772700 60.514696 243.754572 59.761800 242.737000
61.458940 244.926000 59.022930 243.893233 58.353000 242.865000
59.947420 244.952000 57.523247 243.866153 56.864900 242.846000
58.335370 244.902100 56.118205 243.550999 55.271300 242.745000
56.595980 244.824000 53.943656 243.616779 53.523800 242.627000
54.694040 244.743800 52.029731 243.450014 51.590300 242.494000
52.650420 244.604800 49.803286 243.324270 49.493800 242.363000
50.451970 244.390700 47.595025 243.121037 47.185600 242.204000
48.058070 244.235000 45.001324 242.991013 44.697200 242.069000
45.515050 244.100900 42.400397 242.808590 42.089200 241.932000
42.921790 243.969200 40.240956 242.621828 39.444800 241.798000
40.316590 243.840300 36.998393 242.505978 36.782000 241.652000
37.706940 243.722400 34.436427 242.339321 34.130200 241.475000
35.094890 243.629800 31.872486 242.129667 31.519300 241.271000
32.472950 243.489000 29.167614 241.905896 28.910400 241.053000
29.851950 243.348200 26.674662 241.705405 26.334600 240.844000
27.264200 243.258500 24.172801 241.529138 23.776300 240.665000
24.724050 243.174900 21.854525 241.373033 21.269200 240.512000
22.210390 243.091000 19.361496 241.228809 18.795700 240.365000
19.736330 242.979500 16.721170 241.072016 16.318800 240.186000
17.311070 242.850400 14.385256 240.880741 13.899700 239.991000
14.901790 242.682800 12.059641 240.655504 11.529700 239.757000
12.542000 242.455300 9.666443 240.393875 9.173040 239.491000
10.258080 242.218100 7.416247 240.116531 6.889360 239.218000
8.077281 241.997300 5.235462 239.860218 4.721080 238.964000
6.032146 241.805400 3.164371 239.639400 2.667980 238.732000
4.114420 241.647100 1.210347 239.446275 0.734762 238.540000
2.325909 241.523700 -0.601021 239.302907 -1.062930 238.391000
0.684853 241.422100 -2.316892 239.164779 -2.720250 238.272000
-0.804697 241.361800 -3.852958 239.069251 -4.205080 238.189000
-2.147061 241.322400 -5.302878 239.016224 -5.563280 238.135000
-3.335045 241.321100 -6.357097 238.981798 -6.742720 238.106000
-4.362696 241.347700 -7.483803 238.998732 -7.772020 238.106000
-5.195608 241.375100 -8.318391 239.009460 -8.607100 238.115000
-5.787975 241.411000 -8.909776 239.035025 -9.193240 238.134000
-6.148943 241.435700 -9.269958 239.045930 -9.550490 238.145000
-6.347609 241.453500 -9.461466 239.052717 -9.735370 238.147000
-6.441034 241.457400 -9.551911 239.053243 -9.824000 238.147000
-6.441440 241.456100 -9.548580 239.053525 -9.820160 238.150000
-6.439927 241.462600 -9.547630 239.052354 -9.821880 238.146000
-6.440440 241.482800 -9.553343 239.053153 -9.829830 238.153000
-6.480607 241.498100 -9.593949 239.053886 -9.870760 238.156000
-6.560264 241.507700 -9.673558 239.055841 -9.951570 238.153000
-6.742488 241.516100 -9.855048 239.066148 -10.124500 238.155000
-7.099251 241.541700 -10.218344 239.088101 -10.487600 238.179000
-7.627305 241.597900 -10.716149 239.135488 -11.013100 238.224000
-8.293171 241.705000 -11.398167 239.252374 -11.677800 238.339000
-9.050632 241.890800 -12.156611 239.441568 -12.427600 238.516000
-9.863606 242.207700 -12.967071 239.748163 -13.234300 238.820000
-10.727660 242.661600 -13.763700 240.164447 -14.078900 239.244000
-11.566170 243.294100 -14.624564 240.774704 -14.921900 239.873000
-12.317670 244.121800 -15.336309 241.640529 -15.682800 240.702000
-12.969870 245.164100 -16.105273 242.736189 -16.365400 241.762000
-13.469580 246.441200 -16.601948 244.023993 -16.901000 243.081000
-13.828110 247.877300 -16.840821 245.344266 -17.272700 244.573000
-14.057520 249.558000 -17.210601 247.250248 -17.516500 246.258000
-14.176210 251.405900 -17.335116 249.082146 -17.665300 248.108000
-14.264690 253.405000 -17.454519 251.162818 -17.775300 250.099000
-14.328890 255.544200 -17.507549 253.223149 -17.865500 252.236000
-14.399650 257.837600 -17.607763 255.573536 -17.955900 254.507000
-14.471380 260.263200 -17.668670 257.909959 -18.055100 256.898000
-14.561590 262.807800 -17.738059 260.275755 -18.185700 259.414000
-14.652820 265.491700 -17.891470 263.134346 -18.315100 262.084000
-14.739760 268.254400 -17.988555 265.827931 -18.426200 264.811000
-14.858340 271.134800 -18.108660 268.624375 -18.567100 267.648000
-14.973530 274.134700 -18.241331 271.512517 -18.721800 270.621000
-15.069550 277.175700 -18.408616 274.742050 -18.873300 273.650000
-15.175210 280.293600 -18.555681 277.896025 -19.038500 276.741000
-15.297230 283.446400 -18.726335 281.064603 -19.206900 279.879000
-15.436590 286.619600 -18.929847 284.222754 -19.408000 283.026000
-15.585790 289.810900 -19.153631 287.401801 -19.637500 286.182000
-15.736240 292.959600 -19.372134 290.535770 -19.856700 289.308000
-15.885310 296.071900 -19.583406 293.653551 -20.072100 292.390000
-16.046970 299.165600 -19.800544 296.759059 -20.290800 295.449000
-16.219660 302.246300 -20.016321 299.863125 -20.510500 298.506000
-16.389710 305.314100 -20.229008 302.928309 -20.731400 301.542000
-16.559690 308.378300 -20.435922 305.934827 -20.945400 304.571000
-16.709350 311.458900 -20.634440 309.001836 -21.142100 307.620000
-16.839300 314.563300 -20.838956 312.055293 -21.350400 310.692000
-16.972270 317.709200 -21.036072 315.253534 -21.536600 313.783000
-17.118400 320.893100 -21.229130 318.383457 -21.730900 316.946000
-17.281700 324.127200 -21.428015 321.666133 -21.927000 320.161000
-17.454380 327.375400 -21.627228 324.936194 -22.123600 323.391000
-17.614190 330.593900 -21.809027 328.116011 -22.314500 326.579000
-17.775860 333.802500 -21.992243 331.267345 -22.502300 329.756000
-17.959610 336.995200 -22.179922 334.461239 -22.680100 332.905000
-18.128440 340.134300 -22.366382 337.557091 -22.862600 335.998000
-18.295640 343.191900 -22.555993 340.594937 -23.053300 339.033000
-18.453080 346.169000 -22.750978 343.667472 -23.252400 341.976000
-18.632610 349.056200 -22.958130 346.506957 -23.453200 344.820000
-18.817710 351.841100 -23.176417 349.370427 -23.670100 347.576000
-18.986450 354.488400 -23.366964 352.057672 -23.863300 350.217000
-19.124870 356.982400 -23.532381 354.496974 -24.028700 352.695000
-19.220930 359.289500 -23.664524 356.800246 -24.159000 355.009000
-19.310450 361.377700 -23.725629 358.897259 -24.277700 357.096000
-19.390050 363.254000 -23.898436 360.891856 -24.381600 358.986000
-19.458340 364.945900 -23.894295 362.420541 -24.473600 360.679000
-19.552440 366.417400 -24.115194 364.086231 -24.591700 362.174000
-19.716910 367.755600 -24.301958 365.428294 -24.766500 363.509000
-19.992010 369.044200 -24.465111 366.394557 -25.050200 364.766000
-20.413100 370.267200 -25.029278 367.893326 -25.498400 365.953000
-20.994480 371.390500 -25.420674 368.530316 -26.091500 367.022000
-21.767920 372.412000 -26.255547 369.808304 -26.758000 367.931000
-22.740410 373.381300 -27.097033 370.373218 -27.726500 368.857000
-23.931400 374.199500 -28.383684 371.479762 -28.867900 369.628000
-25.311900 374.775400 -29.793648 371.984154 -30.306100 370.170000
-26.849130 375.102700 -31.330634 371.967144 -31.871700 370.479000
-28.541320 375.088500 -33.048562 371.907173 -33.540700 370.434000
-30.331610 374.930400 -34.948853 371.949123 -35.322100 370.250000
-32.178580 374.714400 -36.781562 371.639009 -37.158600 370.000000
-34.124600 374.519300 -38.816478 371.429902 -39.090000 369.778000
-36.192510 374.312000 -40.861461 371.146556 -41.155300 369.542000
-38.360350 374.089000 -43.050427 370.850275 -43.309600 369.296000
-40.674090 373.890900 -45.414814 370.587978 -45.611500 369.072000
-43.125350 373.717400 -47.700154 370.323296 -48.064100 368.867000
-45.733890 373.570600 -50.543475 370.164503 -50.665200 368.681000
-48.422050 373.450300 -53.149678 369.981791 -53.346600 368.510000
-51.153580 373.336900 -55.838124 369.783582 -56.083400 368.346000
-53.919190 373.217300 -58.664032 369.640992 -58.868900 368.181000
-56.668140 373.082400 -61.393684 369.447636 -61.614500 367.996000
-59.399580 372.949600 -64.165269 369.244957 -64.330400 367.797000
-62.128270 372.797100 -66.928102 369.027329 -67.060000 367.584000
-64.827270 372.599800 -69.671603 368.768831 -69.770200 367.325000
-67.509200 372.402100 -72.409851 368.512053 -72.458500 367.080000
-70.186170 372.208700 -75.086267 368.250696 -75.126000 366.815000
-72.845340 372.028400 -77.675018 368.001711 -77.789600 366.579000
-75.495320 371.886100 -80.337570 367.790451 -80.454100 366.383000
-78.116050 371.787300 -83.027539 367.664282 -83.091300 366.249000
-80.717850 371.718500 -85.640544 367.553346 -85.714800 366.137000
-83.311780 371.694800 -88.293090 367.484273 -88.315100 366.064000
-85.842710 371.709900 -90.856910 367.456328 -90.858400 366.033000
-88.215690 371.734100 -93.290363 367.440322 -93.231100 366.016000
-90.402660 371.755300 -95.501374 367.420079 -95.426400 365.999000
-92.376860 371.747200 -97.516201 367.372099 -97.408600 365.960000
-94.181170 371.700000 -99.337709 367.282917 -99.204000 365.874000
-95.954170 371.610100 -101.122334 367.157255 -101.006000 365.749000
-97.692900 371.484000 -102.886146 366.986209 -102.747000 365.580000
-99.428840 371.332400 -104.508820 366.802309 -104.493000 365.388000
-101.212400 371.150100 -106.398491 366.571780 -106.281000 365.174000
-103.049100 370.929900 -108.266243 366.304689 -108.112000 364.908000
-104.963700 370.712900 -110.100275 366.059159 -110.039000 364.659000
-106.999900 370.469800 -112.171108 365.772303 -112.081000 364.387000
-109.147400 370.218500 -114.245303 365.497795 -114.228000 364.105000
-111.413900 369.990500 -116.526923 365.235245 -116.480000 363.846000
-113.850400 369.787500 -118.903641 364.998345 -118.906000 363.608000
-116.381500 369.587900 -121.585484 364.746618 -121.431000 363.369000
-119.079000 369.402000 -124.132570 364.521520 -124.123000 363.148000
-121.870500 369.312400 -127.023999 364.398468 -126.917000 363.020000
-124.798000 369.251000 -129.969763 364.316227 -129.852000 362.953000
-127.749200 369.222000 -133.040973 364.251476 -132.800000 362.876000
-130.738100 369.191300 -135.978071 364.182715 -135.781000 362.826000
-133.724900 369.151000 -138.928696 364.094197 -138.770000 362.743000
-136.693200 369.116700 -141.712481 364.027733 -141.732000 362.642000
-139.640200 369.026200 -144.883606 363.837002 -144.680000 362.496000
-142.545400 368.909400 -147.805511 363.663726 -147.601000 362.324000
-145.452900 368.800400 -150.744246 363.491965 -150.507000 362.159000
-148.326000 368.653700 -153.565022 363.278727 -153.386000 361.941000
-151.184500 368.483700 -156.272777 363.052307 -156.256000 361.715000
-154.029500 368.306700 -159.193830 362.819098 -159.100000 361.483000
-156.834000 368.110800 -161.979072 362.571282 -161.903000 361.242000
-159.601600 367.929800 -164.699832 362.343442 -164.674000 361.005000
-162.352900 367.769700 -167.499580 362.132872 -167.418000 360.815000
-165.025300 367.622800 -170.018782 361.955320 -170.097000 360.622000
-167.587100 367.473600 -172.769957 361.749908 -172.654000 360.427000
-169.989700 367.347100 -175.131342 361.594036 -175.057000 360.287000
-172.229800 367.237400 -177.374101 361.450176 -177.279000 360.147000
-174.255000 367.118500 -179.371136 361.294085 -179.325000 359.995000
-176.113500 366.976300 -181.177263 361.126334 -181.186000 359.829000
-177.851600 366.825100 -183.017848 360.934470 -182.921000 359.647000
-179.482200 366.619100 -184.624979 360.687109 -184.556000 359.390000
-181.041000 366.257200 -186.135935 360.311355 -186.094000 358.986000
-182.506900 365.700900 -187.490126 359.750087 -187.498000 358.444000
-183.830900 364.922700 -188.782544 358.971211 -188.727000 357.719000
-184.967900 363.901900 -189.799342 357.958405 -189.884000 356.674000
-185.900600 362.645300 -190.632225 356.658163 -190.771000 355.380000
-186.575700 361.163300 -191.262997 355.126414 -191.399000 353.907000
-186.999600 359.497900 -191.646876 353.433986 -191.802000 352.234000
-187.152300 357.675600 -191.666722 351.634127 -191.953000 350.436000
-187.206000 355.773500 -191.779650 349.595417 -191.975000 348.551000
-187.197400 353.800900 -191.714524 347.520386 -191.943000 346.586000
-187.078300 351.712900 -191.580518 345.294291 -191.798000 344.488000
-186.904300 349.515700 -191.357103 342.978828 -191.603000 342.275000
-186.700200 347.199500 -191.084411 340.938720 -191.384000 339.949000
-186.441500 344.761700 -190.834942 338.013991 -191.094000 337.507000
-186.138100 342.245600 -190.490761 335.442437 -190.777000 334.958000
-185.836200 339.600700 -190.148283 333.020531 -190.460000 332.301000
-185.558800 336.870000 -189.834747 330.076638 -190.145000 329.565000
-185.300200 334.088400 -189.459601 327.537896 -189.853000 326.778000
-185.053400 331.295700 -189.239874 324.408093 -189.580000 323.996000
-184.825700 328.513100 -188.971514 321.526632 -189.323000 321.208000
-184.626700 325.706700 -188.705280 318.709210 -189.092000 318.423000
-184.418100 322.895600 -188.435605 316.018378 -188.850000 315.646000
-184.219300 320.049800 -188.221083 312.912554 -188.621000 312.789000
-184.077900 317.187100 -188.037337 310.044742 -188.433000 309.906000
-183.933200 314.300800 -187.845475 307.359348 -188.271000 307.003000
-183.761600 311.460200 -187.648741 304.333447 -188.074000 304.166000
-183.601800 308.616200 -187.446925 301.519583 -187.875000 301.323000
-183.458100 305.794900 -187.260358 298.639286 -187.682000 298.527000
-183.343100 303.000200 -187.093547 295.852905 -187.519000 295.751000
-183.261300 300.211900 -186.956273 293.000706 -187.378000 292.963000
-183.178800 297.450000 -186.800400 290.199869 -187.237000 290.181000
-183.090500 294.684900 -186.647693 287.328253 -187.097000 287.413000
-182.927300 291.908300 -186.411944 284.455750 -186.879000 284.614000
-182.766600 289.099200 -186.200163 281.672617 -186.669000 281.765000
-182.613800 286.267300 -185.982320 278.786230 -186.457000 278.945000
-182.441900 283.385600 -185.747720 275.852328 -186.244000 276.052000
-182.300400 280.490600 -185.555109 272.968166 -186.049000 273.163000
-182.149900 277.557000 -185.375938 270.388341 -185.875000 270.233000
-182.001400 274.627800 -185.199725 267.091027 -185.693000 267.265000
-181.823500 271.689000 -184.991900 264.239638 -185.472000 264.302000
-181.638500 268.767800 -184.773253 261.343661 -185.250000 261.355000
-181.424600 265.787800 -184.518178 258.377299 -185.004000 258.371000
-181.219800 262.838200 -184.244820 255.426332 -184.749000 255.395000
-181.009300 259.844900 -183.994854 252.373553 -184.492000 252.388000
-180.770400 256.828000 -183.708999 249.386319 -184.213000 249.360000
-180.561000 253.860400 -183.443667 246.374282 -183.954000 246.392000
-180.372700 250.908200 -183.211464 243.370932 -183.712000 243.431000
-180.191000 247.979500 -182.967736 240.417421 -183.489000 240.508000
-180.025600 245.104800 -182.747278 237.533652 -183.288000 237.632000
-179.890000 242.301100 -182.577967 234.650278 -183.110000 234.823000
-179.765100 239.629200 -182.391060 231.988273 -182.945000 232.116000
-179.603400 237.077700 -182.180790 229.377740 -182.741000 229.558000
-179.486600 234.610600 -182.015143 226.834572 -182.584000 227.063000
-179.426200 232.293500 -181.952985 224.637673 -182.493000 224.726000
-179.384800 230.153000 -181.837478 222.379185 -182.416000 222.560000
-179.372900 228.203000 -181.788647 220.396329 -182.372000 220.582000
-179.353200 226.445600 -181.735913 218.629190 -182.325000 218.807000
-179.284500 224.889700 -181.634847 217.044545 -182.231000 217.232000
-179.159500 223.520400 -181.502330 215.813284 -182.090000 215.834000
-178.892900 222.222300 -181.204107 214.231534 -181.791000 214.562000
-178.440800 221.019500 -180.691602 213.075605 -181.309000 213.399000
-177.799300 219.912400 -180.066180 212.027030 -180.661000 212.355000
-176.993100 218.868700 -179.213573 210.947957 -179.839000 211.336000
-175.953700 217.908600 -178.112064 209.946082 -178.760000 210.331000
-174.646400 217.098800 -176.792107 209.339007 -177.447000 209.480000
-173.037500 216.423500 -175.156647 208.405945 -175.892000 208.829000
-171.242400 215.987700 -173.369732 208.079397 -174.122000 208.401000
-169.251700 215.748100 -171.349817 207.885016 -172.202000 208.216000
-167.160900 215.651300 -169.418223 207.951893 -170.208000 208.168000
-164.983800 215.579200 -167.080022 207.889974 -168.067000 208.180000
-162.753200 215.542200 -164.756941 207.902534 -165.868000 208.191000
-160.419600 215.517400 -162.602137 207.994235 -163.585000 208.228000
-157.986900 215.494400 -160.113399 208.041595 -161.180000 208.289000
-155.493900 215.476600 -157.694258 208.134776 -158.726000 208.368000
-152.924600 215.528800 -155.086335 208.240166 -156.200000 208.471000
-150.250300 215.556200 -152.488143 208.351731 -153.542000 208.578000
-147.567100 215.656900 -149.748426 208.474140 -150.865000 208.700000
-144.855900 215.751900 -147.056780 208.659335 -148.170000 208.888000
-142.145800 215.896800 -144.426088 208.881314 -145.479000 209.089000
-139.455100 216.087400 -141.652887 209.161033 -142.786000 209.379000
-136.768400 216.330800 -138.976818 209.464162 -140.115000 209.672000
-134.103700 216.562300 -136.293589 209.762960 -137.462000 209.975000
-131.505400 216.803000 -133.748169 210.050602 -134.861000 210.264000
-128.992800 217.018200 -131.224376 210.256998 -132.349000 210.520000
-126.584900 217.191000 -128.796143 210.536275 -129.949000 210.750000
-124.357100 217.330100 -126.525166 210.718722 -127.717000 210.938000
-122.326100 217.418900 -124.474489 210.830669 -125.669000 211.059000
-120.463500 217.466200 -122.470375 210.888523 -123.788000 211.129000
-118.653600 217.497200 -120.638414 210.923847 -121.945000 211.174000
-116.849600 217.495900 -118.814123 210.938945 -120.137000 211.187000
-115.067800 217.514000 -116.892234 210.960478 -118.325000 211.222000
-113.324000 217.535300 -115.113306 210.984625 -116.583000 211.252000
-111.616000 217.623100 -113.375562 211.081078 -114.840000 211.350000
-109.927700 217.875300 -111.861436 211.294515 -113.170000 211.573000
-108.290900 218.301300 -110.405502 211.647907 -111.539000 211.971000
-106.749500 218.945400 -108.736464 212.249378 -110.014000 212.594000
-105.349200 219.793800 -107.421733 213.071417 -108.602000 213.427000
-104.115500 220.834900 -106.547745 214.010894 -107.396000 214.448000
-103.036000 222.051200 -105.101933 215.390509 -106.381000 215.641000
-102.179100 223.400100 -104.240469 216.791778 -105.594000 216.964000
-101.543200 224.848700 -103.650176 218.270747 -105.007000 218.363000
-101.115700 226.383800 -103.279592 219.847807 -104.598000 219.822000
-100.830600 227.968600 -103.089300 221.394679 -104.320000 221.376000
-100.531100 229.501100 -102.790859 222.988262 -104.029000 222.874000
-100.252100 231.017900 -102.509733 224.546885 -103.743000 224.399000
-99.883990 232.463500 -102.222309 225.897127 -103.357000 225.815000
-99.425550 233.824100 -101.744404 227.261963 -102.879000 227.137000
-98.775880 234.872900 -101.543008 228.205167 -102.217000 228.179000
-98.086100 235.806300 -100.443739 229.296481 -101.532000 229.081000
-97.174270 236.468700 -99.527121 229.910860 -100.603000 229.794000
-96.254150 236.931100 -98.968763 230.318959 -99.640000 230.293000
-95.283150 237.358800 -97.494880 230.826289 -98.618200 230.715000
-94.185080 237.674800 -96.331150 231.113022 -97.445300 231.017000
-92.955310 237.898800 -95.450824 231.238838 -96.170900 231.235000
-91.596850 238.102700 -93.573016 231.535341 -94.767900 231.442000
-90.074690 238.248300 -92.056342 231.671720 -93.210800 231.594000
-88.387450 238.391700 -90.270177 231.833621 -91.483900 231.751000
-86.486290 238.540100 -88.487897 231.987240 -89.634300 231.922000
-84.443490 238.650800 -86.869605 232.090910 -87.624800 232.102000
-82.253860 238.746800 -84.397471 232.300488 -85.481100 232.275000
-79.940140 238.872300 -82.362416 232.436317 -83.200600 232.443000
-77.539590 239.011100 -79.820518 232.590231 -80.846100 232.592000
-75.087440 239.150700 -77.591457 232.704338 -78.426000 232.725000
-72.574930 239.313900 -75.148467 232.838013 -75.940000 232.860000
-69.991910 239.446400 -72.349931 232.982886 -73.361800 232.992000
-67.351620 239.548800 -69.803633 233.099096 -70.744500 233.119000
-64.666360 239.657700 -67.237507 233.247727 -68.114900 233.286000
-61.998030 239.808800 -64.648783 233.430723 -65.500200 233.480000
-59.311750 239.952600 -62.019384 233.627266 -62.888300 233.695000
-56.701950 240.109100 -59.372197 233.828010 -60.352300 233.899000
-54.151130 240.267600 -56.844097 234.024553 -57.805000 234.099000
-51.625940 240.427100 -54.228390 234.252643 -55.298400 234.305000
-49.127390 240.564300 -51.745910 234.424490 -52.817600 234.508000
-46.665870 240.712700 -49.361239 234.627740 -50.414000 234.716000
-44.240570 240.886300 -46.989918 234.835161 -48.005900 234.944000
-41.878960 241.088900 -44.668755 235.049158 -45.654300 235.171000
-39.649020 241.312800 -42.462848 235.266200 -43.426200 235.401000
-37.552430 241.539400 -40.362801 235.493899 -41.314200 235.631000
-35.488740 241.743100 -38.283049 235.704072 -39.251000 235.857000
-33.456700 241.939000 -36.161538 235.928417 -37.215900 236.058000
-31.533090 242.124800 -34.310332 236.062563 -35.282400 236.230000
-29.764560 242.287900 -32.513822 236.208337 -33.501000 236.382000
-28.172420 242.408100 -30.911416 236.308329 -31.897000 236.492000
-26.747170 242.468900 -29.420599 236.360646 -30.465100 236.555000
-25.460260 242.473300 -28.128665 236.358060 -29.170700 236.556000
-24.318710 242.437400 -26.956889 236.323673 -28.035800 236.528000
-23.324200 242.322300 -25.964727 236.231173 -27.055100 236.448000
-22.483780 242.186900 -25.127141 236.117382 -26.219800 236.345000
-21.843230 242.069500 -24.523950 236.029449 -25.594300 236.241000
-21.357270 241.937100 -24.060780 235.916384 -25.107800 236.122000
-20.874950 241.791000 -23.564591 235.770814 -24.626300 235.969000
-20.410090 241.641000 -23.103340 235.619298 -24.151300 235.812000
-19.938580 241.453200 -22.628845 235.438597 -23.712800 235.653000
-19.330890 241.150500 -22.031615 235.149441 -23.102700 235.359000
-18.603550 240.674100 -21.292007 234.691719 -22.387800 234.912000
-17.817550 240.000300 -20.485954 234.059039 -21.606600 234.289000
-17.047940 239.130000 -19.700062 233.171200 -20.827000 233.430000
-16.371440 238.041100 -19.203425 232.058405 -20.133200 232.325000
-15.819140 236.731500 -18.474620 230.671575 -19.587200 230.980000
-15.431720 235.164300 -18.114153 229.052109 -19.197000 229.407000
-15.160930 233.366900 -17.878238 227.204558 -18.920800 227.608000
-14.985430 231.359800 -17.679724 225.086845 -18.737600 225.608000
-14.879450 229.166100 -17.604789 222.852147 -18.612600 223.391000
-14.834570 226.783800 -17.539552 220.317579 -18.542900 221.000000
-14.805910 224.227300 -17.506008 217.755618 -18.465700 218.463000
-14.776150 221.503700 -17.469308 215.057011 -18.385800 215.729000
-14.726190 218.625200 -17.575303 212.318539 -18.286100 212.855000
-14.646810 215.602400 -17.297043 209.076423 -18.153800 209.864000
-14.509690 212.459600 -17.155089 205.951148 -17.979900 206.769000
-14.353480 209.201300 -16.990220 202.691949 -17.768200 203.531000
-14.179740 205.869600 -16.798213 199.362394 -17.550200 200.216000
-13.962380 202.478800 -16.664420 196.142719 -17.281800 196.835000
-13.739120 199.045100 -16.348032 192.597729 -17.017200 193.426000
-13.514930 195.572200 -16.089439 189.117172 -16.735900 189.960000
-13.275440 192.054900 -15.878938 185.712198 -16.459300 186.455000
-13.052000 188.499600 -15.571865 181.937341 -16.203700 182.899000
-12.854570 184.884700 -15.348371 178.309337 -15.941200 179.304000
-12.675140 181.220200 -15.145979 174.630293 -15.725000 175.638000
-12.508030 177.502000 -14.957201 170.895415 -15.512700 171.915000
-12.341190 173.718700 -14.763583 167.061828 -15.296700 168.123000
-12.175010 169.898000 -14.561708 163.156833 -15.083000 164.276000
-12.018250 166.028100 -14.370094 159.279254 -14.885100 160.414000
-11.841350 162.134100 -14.182110 155.389384 -14.662000 156.555000
-11.655180 158.220500 -13.979745 151.482321 -14.443100 152.631000
-11.466580 154.287300 -13.768741 147.581900 -14.205700 148.722000
-11.281310 150.320000 -13.551075 143.717432 -13.971600 144.832000
-11.057620 146.379100 -13.320761 139.834792 -13.722000 140.958000
-10.815240 142.443600 -13.089256 135.996946 -13.461500 137.113000
-10.570550 138.517900 -12.840350 132.142713 -13.195900 133.261000
-10.333980 134.639100 -12.586670 128.232180 -12.918600 129.458000
-10.123240 130.785800 -12.325844 124.427777 -12.651500 125.679000
-9.914350 127.027500 -12.070487 120.713883 -12.364500 121.975000
-9.696148 123.395700 -11.819970 117.109968 -12.091500 118.408000
-9.493383 119.914400 -11.586076 113.600196 -11.846500 114.976000
-9.310280 116.607700 -11.444067 110.337496 -11.637200 111.701000
-9.151332 113.442300 -11.199189 107.154321 -11.435400 108.603000
-9.017561 110.482000 -11.042426 104.217264 -11.266000 105.672000
-8.888960 107.744800 -10.978303 101.633426 -11.111100 102.981000
-8.774269 105.222900 -10.783939 99.027047 -10.981000 100.508000
-8.679794 102.918000 -10.670533 96.752824 -10.855200 98.251400
-8.504861 100.812800 -10.464253 94.696588 -10.656400 96.215900
-8.163715 98.919720 -10.121302 92.839082 -10.307000 94.389100
-7.618518 97.243660 -9.586880 91.238889 -9.750350 92.768000
-6.858427 95.725240 -8.870607 89.831468 -9.005610 91.331800
-5.899838 94.392380 -7.911559 88.505858 -8.069710 90.059900
-4.759829 93.253900 -6.787735 87.431734 -6.973240 88.976700
-3.450087 92.348760 -5.495838 86.555884 -5.688080 88.132100
-1.973871 91.691730 -4.108965 86.147571 -4.231680 87.529100
-0.436803 91.261860 -2.487038 85.559383 -2.786120 87.165700
1.138073 91.026340 -0.942559 85.433504 -1.261970 87.026300
2.751248 90.881970 0.573138 85.507928 0.295328 86.954800
4.431705 90.766140 2.407657 85.314795 1.922250 86.911700
6.211745 90.683570 4.277654 85.268916 3.659970 86.904200
8.081090 90.578530 6.111773 85.271222 5.531190 86.881300
10.076580 90.469280 8.176147 85.226994 7.515230 86.853900
12.205890 90.365360 10.306118 85.221154 9.643900 86.830300
14.489810 90.290310 12.376084 85.403808 11.906100 86.845700
16.910510 90.321490 15.052648 85.323260 14.308800 86.940800
19.453620 90.459650 17.305292 85.624960 16.843300 87.136900
22.045730 90.671110 20.154847 85.815747 19.425400 87.415600
24.644280 90.895340 22.652362 86.124465 22.028700 87.710200
27.207850 91.064010 25.270061 86.325513 24.607300 87.915600
29.764780 91.130150 27.756083 86.449352 27.172000 88.027700
32.287690 91.085550 30.277447 86.465871 29.711100 88.037900
34.803420 90.937800 32.827144 86.386259 32.229800 87.961700
37.325120 90.728940 35.371766 86.280330 34.750500 87.823400
39.896170 90.508470 37.969719 86.112007 37.314400 87.680400
42.547960 90.289960 40.642693 85.972589 39.969800 87.547200
45.244630 90.097810 43.357827 85.849902 42.671100 87.437500
47.943020 89.903610 46.075639 85.724666 45.365600 87.316000
50.617990 89.629730 48.887190 85.523858 48.036600 87.122300
53.252150 89.185630 51.438651 85.272672 50.689300 86.772300
55.814150 88.557720 54.180436 84.646303 53.257900 86.222200
58.313300 87.791630 56.807947 83.890745 55.742100 85.528000
60.805470 86.920740 59.361378 83.067239 58.246900 84.721700
63.322020 85.994100 61.809538 82.213416 60.761100 83.866300
65.833720 85.055040 64.253845 81.356468 63.280800 82.992300
68.406220 84.080780 66.867807 80.432945 65.859000 82.100300
70.998610 83.045350 69.380182 79.482565 68.448600 81.136400
73.578520 81.879280 71.957850 78.380004 71.049300 80.042800
76.170160 80.586970 74.589982 77.132101 73.638800 78.818700
78.819830 79.219290 77.224266 75.829853 76.298900 77.524500
81.480420 77.842690 79.772372 74.574653 78.944100 76.219900
84.108690 76.469870 82.531937 73.198185 81.562300 74.937700
86.695220 75.055290 85.073907 71.871589 84.154700 73.608000
89.188920 73.556030 87.527619 70.451574 86.656000 72.180900
91.573040 71.968490 89.975613 68.959298 89.088000 70.658300
93.850380 70.285940 92.311419 67.258413 91.384900 69.044300
96.020560 68.521450 94.544733 65.531155 93.575900 67.354800
98.103890 66.740880 96.592865 63.887897 95.686300 65.642600
100.107700 65.034010 98.756446 62.092689 97.724200 63.995700
101.996900 63.459780 100.656435 60.593563 99.636400 62.493000
103.764900 62.070330 102.470197 59.240782 101.425000 61.157500
105.408600 60.801050 104.061954 58.070004 103.087000 59.940800
107.003200 59.530310 105.689479 56.833638 104.712000 58.722500
108.589500 58.247390 107.307811 55.576190 106.294000 57.499700
110.134700 56.970520 108.782264 54.393729 107.854000 56.257200
111.717500 55.637520 110.402635 53.085471 109.454000 54.981900
113.353400 54.247110 112.143310 51.729520 111.109000 53.644400
115.077800 52.831180 113.793075 50.358305 112.841000 52.290600
116.904200 51.439420 115.559890 49.067148 114.690000 50.948400
118.836800 50.054850 117.501999 47.718981 116.638000 49.620300
120.853600 48.602090 119.536092 46.304717 118.653000 48.223700
122.938000 47.083700 121.745442 44.758514 120.767000 46.757000
125.092700 45.485300 123.868514 43.248052 122.955000 45.219500
127.330000 43.820780 126.183144 41.598752 125.215000 43.614700
129.637600 42.087830 128.573135 39.870833 127.540000 41.937300
131.967100 40.344760 130.939522 38.158633 129.860000 40.259600
134.297900 38.609850 133.299361 36.462133 132.207000 38.586500
136.621900 36.849050 135.663067 34.750641 134.550000 36.897500
138.949900 35.131110 138.119596 33.030972 136.909000 35.235200
141.293500 33.464730 140.381019 31.444912 139.257000 33.607500
143.603900 31.795640 142.756667 29.753350 141.616000 31.983900
145.871800 30.121580 144.921673 28.250817 143.903000 30.356700
148.133300 28.418200 147.289365 26.523084 146.192000 28.717500
150.347600 26.750990 149.534271 24.910583 148.426000 27.115700
152.506100 25.137140 151.725054 23.345912 150.600000 25.562000
154.521200 23.603510 153.644766 21.831389 152.640000 24.091400
156.409800 22.104300 155.580462 20.468196 154.573000 22.642900
158.102600 20.729550 157.309303 19.138573 156.277000 21.319900
159.605700 19.470090 158.839248 17.924807 157.812000 20.100100
161.034400 18.328640 160.178552 16.770758 159.253000 19.036900
162.527500 17.369930 161.922208 15.795295 160.737000 18.120000
164.102000 16.690040 163.504102 15.145723 162.293000 17.501000
165.725700 16.231240 165.114888 14.714616 163.924000 17.074300
167.465400 15.980230 166.912888 14.467443 165.658000 16.886800
169.275300 15.912810 168.750562 14.406593 167.460000 16.833200
171.157200 15.957740 170.612005 14.456185 169.312000 16.881700
173.098700 15.972680 172.341354 14.547116 171.256000 16.916400
175.120500 15.945180 174.473994 14.475306 173.256000 16.914100
177.167200 15.872150 176.381476 14.433957 175.271000 16.864100
179.305300 15.756280 178.530009 14.334131 177.394000 16.788100
181.477000 15.604010 180.611050 14.214414 179.536000 16.660900
183.703700 15.412020 182.795500 14.056664 181.763000 16.511900
185.980700 15.238130 185.144908 13.935182 184.014000 16.372900
188.280500 15.072990 187.346684 13.772988 186.318000 16.252900
190.577500 14.896800 189.680677 13.621419 188.625000 16.118300
192.894300 14.714610 191.950040 13.498796 190.960000 16.002100
195.244200 14.510220 194.408550 13.333999 193.307000 15.864400
197.633500 14.283820 196.762561 13.163010 195.687000 15.707400
200.090000 14.030130 199.311837 12.948987 198.134000 15.514000
202.592100 13.785300 201.753949 12.766469 200.611000 15.317100
205.104900 13.534110 204.295190 12.523122 203.135000 15.124300
207.640700 13.310070 206.884164 12.340521 205.661000 14.969100
210.148900 13.111090 209.383910 12.186241 208.160000 14.839100
212.697300 12.915740 211.868474 12.037207 210.717000 14.709100
215.224700 12.737830 214.387563 11.887049 213.225000 14.581500
217.808000 12.513180 217.031296 11.691999 215.802000 14.408500
220.389500 12.282700 219.614992 11.498101 218.381000 14.239600
223.037500 12.068550 222.174333 11.321774 221.017000 14.072000
225.699900 11.872960 224.919274 11.148467 223.675000 13.930200
228.380800 11.657570 227.587287 10.973736 226.368000 13.765500
231.063800 11.400770 230.125646 10.777029 229.051000 13.575800
233.768800 11.157120 232.954339 10.559402 231.744000 13.394700
236.452700 10.908570 235.554330 10.361777 234.421000 13.215300
239.115400 10.628320 238.139895 10.136977 237.074000 13.008400
241.756200 10.390980 240.794030 9.926225 239.721000 12.823500
244.376200 10.177670 243.427781 9.728549 242.356000 12.656600
246.942400 9.977031 246.016119 9.556563 244.925000 12.498600
249.503100 9.796410 248.592765 9.402297 247.525000 12.377400
251.962400 9.616742 251.012632 9.260655 249.981000 12.266000
254.329800 9.452561 253.395166 9.139390 252.343000 12.160400
256.557200 9.297183 255.581841 9.030673 254.557000 12.063800
258.681500 9.140396 257.705032 8.910448 256.684000 11.960000
260.487900 8.870715 259.840827 8.783204 258.695000 11.818700
262.171000 8.558198 261.668746 8.537004 260.598000 11.618100
263.852900 8.246051 263.475263 8.245552 262.390000 11.343100
265.533700 7.934305 265.114082 7.925655 264.011000 11.034600
267.212200 7.623220 266.557953 7.597991 265.465000 10.721800
268.719700 7.309828 267.847157 7.391502 266.728000 10.413200
269.768600 7.040605 268.860609 7.049749 267.789000 10.194900
270.654800 6.869143 269.745524 6.907852 268.675000 10.050300
271.433400 6.780906 270.550273 6.836202 269.463000 9.971140
272.188300 6.798910 271.320976 6.853698 270.214000 10.028800
272.939800 6.915555 272.092193 6.983921 270.931000 10.154700
273.674100 7.139266 272.780241 7.224773 271.624000 10.407700
274.435500 7.486302 273.618740 7.601493 272.355000 10.804500
275.206100 8.021776 274.375983 8.143585 273.053000 11.291000
275.841400 9.123003 275.056906 9.078144 273.740000 12.081300
276.399700 10.403880 275.747513 9.953211 274.290000 13.044600
276.938800 11.672800 276.271027 11.192091 274.777000 14.210900
277.461700 12.927990 276.664465 12.623109 275.174000 15.591600
277.969300 14.165350 277.104511 14.304071 275.560000 17.189800
278.402000 15.600760 277.400377 16.079351 275.862000 19.013300
278.675500 17.540870 277.635794 18.121806 276.054000 20.995500
278.887100 19.689590 277.786606 20.275107 276.195000 23.176800
279.050300 22.004090 277.859916 22.531346 276.272000 25.535900
279.153100 24.513040 277.972430 25.140067 276.325000 28.043300
279.310000 27.147550 278.082218 27.736806 276.415000 30.709400
279.492000 29.910160 278.225930 30.530526 276.526000 33.518000
279.682000 32.722430 278.397962 33.383346 276.667000 36.343700
279.891600 35.618700 278.517138 36.185053 276.833000 39.238500
280.117300 38.587970 278.795359 39.322754 277.005000 42.197900
280.340800 41.563150 278.985072 42.296487 277.167000 45.177300
280.553900 44.602790 279.094935 45.133928 277.307000 48.217600
280.757500 47.669170 279.330134 48.391598 277.450000 51.261900
280.966700 50.717990 279.487335 51.379479 277.591000 54.281100
281.189800 53.763250 279.701661 54.530685 277.740000 57.295600
281.387500 56.840290 279.888998 57.590197 277.899000 60.313400
281.609200 59.915920 280.077305 60.630257 278.053000 63.348600
281.892800 62.993940 280.318893 63.665058 278.261000 66.384000
282.168100 66.061440 280.560145 66.718076 278.476000 69.431300
282.386200 69.137860 280.718347 69.731949 278.619000 72.455700
282.581400 72.205720 280.916059 72.808599 278.763000 75.472100
282.741100 75.260420 281.070945 75.840994 278.888000 78.515800
282.945600 78.300480 281.241357 78.875457 279.028000 81.538300
283.185400 81.322840 281.433453 81.859269 279.184000 84.538300
283.441700 84.363870 281.627905 84.817367 279.363000 87.563700
283.683800 87.353300 281.845011 87.840039 279.533000 90.547000
283.940100 90.352150 282.070750 90.839819 279.721000 93.565100
284.231300 93.355260 282.337267 93.823532 279.956000 96.580200
284.541900 96.345100 282.638844 96.839126 280.208000 99.579100
284.938000 99.320580 283.009322 99.841362 280.550000 102.578000
285.395000 102.259500 283.437869 102.827900 280.933000 105.518000
285.844100 105.163200 283.854551 105.741271 281.317000 108.433000
286.321900 108.053700 284.280042 108.575139 281.715000 111.308000
286.793800 110.912200 284.750095 111.498233 282.122000 114.159000
287.216900 113.736500 285.110040 114.254240 282.482000 116.977000
287.630900 116.518500 285.469125 117.033973 282.828000 119.762000
288.058700 119.219300 285.834584 119.716032 283.183000 122.488000
288.448800 121.780900 286.171527 122.276284 283.484000 125.078000
288.846400 124.280600 286.529178 124.823037 283.809000 127.576000
289.285300 126.630100 286.923812 127.182657 284.172000 129.957000
289.743500 128.835400 287.346250 129.408785 284.574000 132.181000
290.213000 130.821100 287.775846 131.382083 284.985000 134.179000
290.683600 132.626000 288.217217 133.209979 285.400000 136.007000
291.166200 134.262000 288.681906 134.863355 285.828000 137.671000
291.580800 135.832500 289.083045 136.448476 286.199000 139.254000
291.961700 137.426400 289.441533 138.145074 286.535000 140.864000
292.194000 139.020100 289.691875 139.701924 286.718000 142.460000
292.237900 140.604400 289.652365 141.294265 286.710000 144.035000
291.762300 142.158200 289.476163 142.913808 286.474000 145.611000
290.662500 143.578100 288.948689 144.440376 285.960000 147.136000
289.562400 144.964600 288.127212 145.762872 285.181000 148.614000
288.468100 146.318100 287.052077 147.304840 284.082000 149.954000
287.386000 147.641500 285.645684 148.523527 282.695000 151.144000
286.399400 148.976200 284.008163 149.570260 281.108000 152.137000
284.571900 149.919400 282.142881 150.495668 279.267000 153.021000
282.598600 150.835500 280.118701 151.472195 277.296000 153.912000
280.553400 151.805400 278.037324 152.458404 275.240000 154.850000
278.418500 152.847000 275.858389 153.501856 273.091000 155.844000
276.187000 153.972900 273.580301 154.648729 270.856000 156.910000
273.848800 155.201700 271.196330 155.855773 268.501000 158.074000
271.423500 156.516000 268.692941 157.182526 266.045000 159.333000
268.909500 157.880900 266.153426 158.494807 263.489000 160.618000
266.393100 159.278800 263.592071 159.860429 260.938000 161.949000
263.831700 160.712200 260.984817 161.317840 258.376000 163.330000
261.343100 162.229400 258.519393 162.790384 255.850000 164.793000
258.927700 163.839100 256.103350 164.350067 253.423000 166.316000
256.567900 165.515700 253.801478 165.913782 251.032000 167.915000
254.220600 167.219800 251.416948 167.593049 248.654000 169.553000
251.812400 168.915300 248.904530 169.329039 246.216000 171.178000
249.342900 170.564800 246.429888 170.906486 243.705000 172.733000
246.829700 172.171100 243.848505 172.459244 241.150000 174.260000
244.268800 173.728400 241.236266 173.983059 238.548000 175.740000
241.687800 175.211100 238.626352 175.458886 235.937000 177.142000
239.066600 176.646400 235.931567 176.869100 233.299000 178.485000
236.435100 178.027700 233.254401 178.210925 230.624000 179.781000
233.828600 179.391700 230.667731 179.342455 227.999000 181.056000
231.251200 180.752600 228.032042 180.839263 225.403000 182.330000
228.707700 182.113100 225.484999 182.148911 222.828000 183.614000
226.214900 183.484500 223.004183 183.470651 220.317000 184.909000
223.769900 184.811700 220.519195 184.748220 217.846000 186.160000
221.367300 186.107100 218.081115 186.037870 215.414000 187.380000
219.059200 187.344000 215.716854 187.252876 213.075000 188.543000
216.843700 188.521200 213.514170 188.345954 210.834000 189.655000
214.730300 189.612200 211.357157 189.459052 208.695000 190.684000
212.761600 190.600600 209.375767 190.412293 206.709000 191.619000
210.934100 191.518800 207.494114 191.285750 204.851000 192.487000
209.293500 192.364900 205.871010 192.107998 203.183000 193.278000
207.831400 193.113300 204.379552 192.842005 201.700000 193.983000
206.576700 193.798300 203.080169 193.505034 200.407000 194.629000
205.539900 194.395600 202.022221 194.099315 199.346000 195.194000
204.729700 194.901600 201.198957 194.595726 198.517000 195.679000
204.122300 195.321500 200.581171 195.016218 197.887000 196.083000
203.546300 195.745200 199.996709 195.427695 197.300000 196.477000
203.042900 196.282400 199.369724 195.859567 196.727000 196.905000
202.515700 196.788100 198.788566 196.291886 196.158000 197.311000
201.945400 197.325500 198.188929 196.789684 195.557000 197.795000
201.195300 198.000000 197.402504 197.446282 194.773000 198.420000
200.227400 198.808500 196.399165 198.246509 193.772000 199.192000
199.076800 199.760000 195.254418 199.145243 192.597000 200.101000
197.730700 200.791700 193.863058 200.175899 191.218000 201.081000
196.253000 201.872000 192.454872 201.167961 189.730000 202.113000
194.623700 202.967100 190.803372 202.244892 188.075000 203.153000
192.619800 204.117900 189.058087 203.312281 186.294000 204.218000
190.615300 205.269000 187.056961 204.421466 184.341000 205.292000
188.611600 206.419500 184.986873 205.578006 182.314000 206.388000
186.608000 207.569800 182.890936 206.732937 180.219000 207.478000
184.604500 208.720100 180.696717 207.892727 178.043000 208.593000
182.452000 209.923800 178.437271 209.100476 175.783000 209.763000
180.162600 211.202300 176.114624 210.361805 173.466000 210.977000
177.855000 212.473600 173.784688 211.611323 171.122000 212.194000
175.554100 213.761200 171.444994 212.884089 168.794000 213.428000
173.260900 215.031900 169.117115 214.144054 166.464000 214.647000
171.006800 216.296100 166.839245 215.386832 164.180000 215.848000
168.770100 217.549300 164.600480 216.595557 161.913000 217.035000
166.635700 218.725900 162.431171 217.752302 159.739000 218.160000
164.640400 219.823800 160.451555 218.801274 157.705000 219.196000
162.800000 220.792300 158.624530 219.722408 155.837000 220.105000
161.109900 221.618400 156.922278 220.522269 154.126000 220.874000
159.510500 222.334400 155.337888 221.199268 152.514000 221.540000
157.845500 222.860900 153.665349 221.725421 150.833000 222.035000
156.181300 223.202900 151.990689 222.028021 149.209000 222.311000
154.511100 223.364000 150.287158 222.157918 147.568000 222.406000
152.786900 223.350100 148.599060 222.096837 145.853000 222.326000
150.969000 223.245000 146.717964 221.970035 144.020000 222.167000
149.048400 223.060600 144.814831 221.769792 142.097000 221.942000
146.999200 222.886700 142.724300 221.596717 140.019000 221.723000
144.811400 222.709100 140.990252 221.319652 137.814000 221.501000
142.452400 222.507300 138.147908 221.183870 135.426000 221.254000
139.985700 222.307100 135.677536 220.965168 132.935000 221.003000
137.342300 222.162600 132.963738 220.810687 130.282000 220.793000
134.568800 222.029900 130.168622 220.636305 127.544000 220.593000
131.695500 221.932100 127.314528 220.499763 124.661000 220.423000
128.711000 221.803000 124.319340 220.343265 121.670000 220.228000
125.647300 221.650100 121.286597 220.163710 118.599000 220.013000
122.615400 221.500000 118.175877 219.984563 115.563000 219.799000
119.543800 221.309500 115.118882 219.764502 112.493000 219.545000
116.511500 221.102100 112.079048 219.536260 109.453000 219.275000
113.516800 220.903600 109.008962 219.318749 106.451000 219.009000
110.545200 220.708000 106.018293 219.099217 103.480000 218.752000
107.636200 220.532300 103.066272 218.885018 100.572000 218.517000
104.717200 220.373700 100.080795 218.708452 97.654400 218.302000
101.840600 220.218600 97.218716 218.520972 94.777000 218.085000
98.994700 220.067300 94.374547 218.343333 91.930200 217.881000
96.181550 219.895100 91.547324 218.052523 89.133100 217.644000
93.438620 219.686500 88.793463 217.911916 86.386400 217.389000
90.855460 219.500600 86.178209 217.672786 83.761500 217.120000
88.388610 219.326300 83.566274 217.386746 81.299400 216.861000
86.123680 219.157800 81.391757 217.199136 79.015700 216.621000
84.049970 219.045300 79.160633 217.030549 76.912200 216.448000
82.152880 219.016300 77.335530 216.962123 75.001900 216.361000
80.388010 219.115100 75.513273 217.015915 73.211600 216.407000
78.664760 219.366200 73.764572 217.219980 71.461400 216.603000
77.016290 219.796000 72.087497 217.606038 69.798200 216.968000
75.461480 220.446100 70.478358 218.227824 68.204800 217.563000
74.069090 221.411200 69.038461 219.152305 66.767900 218.468000
72.862850 222.604000 67.776812 220.360489 65.518600 219.659000
71.841850 224.015300 66.705031 221.761881 64.458100 221.004000
71.023420 225.699900 65.917109 223.374688 63.649700 222.644000
70.421670 227.540000 65.248536 225.321163 62.997800 224.438000
70.034550 229.518400 64.861988 227.336397 62.589000 226.385000
69.813760 231.610700 64.642601 229.530507 62.342600 228.467000
69.670080 233.800300 64.569867 231.711220 62.178900 230.689000
69.603690 236.022800 64.431500 234.257491 62.071200 232.969000
69.545910 238.342600 64.367463 236.704484 61.958900 235.322000
69.499400 240.719700 64.288991 239.243654 61.853500 237.730000
69.469400 243.192800 64.252217 241.767130 61.752600 240.215000
69.384530 245.776400 64.233516 244.140390 61.614200 242.769000
69.232580 248.432800 63.966831 247.243503 61.407200 245.426000
69.094640 251.146000 63.814352 249.981349 61.212100 248.114000
68.950990 253.982700 63.630680 253.096895 61.009000 250.938000
68.811860 256.917100 63.470600 256.078344 60.806800 253.854000
68.650580 259.920100 63.345381 259.075131 60.631700 256.814000
68.462200 263.082100 63.168408 262.445804 60.428000 259.939000
68.288560 266.252800 62.996084 265.713082 60.215300 263.058000
68.096650 269.464100 62.851500 268.663415 59.984900 266.231000
67.903830 272.683000 62.617829 272.335779 59.748900 269.422000
67.721470 275.872400 62.438829 275.564098 59.520600 272.591000
67.525460 279.043300 62.251415 278.698150 59.274800 275.736000
67.317450 282.219100 62.061198 281.693809 59.023700 278.862000
67.111650 285.343500 61.828376 285.063510 58.770200 281.960000
66.901350 288.508400 61.629661 288.197190 58.536500 285.075000
66.688140 291.652400 61.452620 291.267016 58.294500 288.143000
66.478800 294.782200 61.279236 294.280397 58.053900 291.226000
66.289190 297.878200 61.104971 297.420318 57.849200 294.240000
66.078070 300.944500 60.916791 300.432312 57.599000 297.280000
65.826270 304.008500 60.686490 303.465397 57.329300 300.305000
65.573590 307.018200 60.514440 306.158703 57.054900 303.258000
65.274710 310.032300 60.196589 309.379086 56.735900 306.220000
64.924470 313.030600 59.874000 312.305540 56.364400 309.153000
64.540610 315.995300 59.479000 315.418192 55.942600 312.085000
64.089990 318.947600 59.038443 318.346129 55.447200 314.985000
63.671720 321.903700 58.670318 320.867946 55.015800 317.879000
63.304260 324.895900 58.270323 324.250686 54.618200 320.835000
62.967580 327.898100 57.959874 327.170100 54.258900 323.788000
62.699080 330.909200 57.712474 330.122271 53.949700 326.765000
62.553590 333.929000 57.506974 333.286835 53.722100 329.778000
62.402330 336.963400 57.313675 336.317958 53.489000 332.780000
62.266570 340.021300 57.146448 339.341687 53.276900 335.817000
62.116500 343.035800 56.976040 342.393280 53.077300 338.803000
61.993500 346.032900 56.843325 345.353641 52.903700 341.834000
61.866370 348.989100 56.718345 348.234046 52.721300 344.777000
61.760870 351.857800 56.595982 350.973544 52.556500 347.622000
61.679290 354.611700 56.475965 353.926885 52.413100 350.371000
61.586300 357.261400 56.366901 356.543024 52.268200 352.999000
61.550600 359.776900 56.325841 359.011026 52.183600 355.520000
61.577240 362.145700 56.351481 361.328986 52.162800 357.884000
61.603020 364.290800 56.362343 363.521715 52.152100 360.038000
61.628690 366.323100 56.416349 365.336492 52.144700 362.072000
61.649880 368.352400 56.399414 367.595201 52.123700 364.098000
61.624730 370.355800 56.350252 369.594268 52.054200 366.073000
61.511180 372.339500 56.247031 371.394353 51.900200 368.030000
61.271590 374.388200 55.966146 373.580011 51.609600 370.042000
60.966710 376.528400 55.676859 375.507054 51.250200 372.152000
60.637150 378.796200 55.304485 377.932108 50.867300 374.405000
60.324540 381.208000 55.000191 380.206089 50.515300 376.790000
60.065570 383.741300 54.743849 382.720343 50.222500 379.289000
59.884830 386.413700 54.549863 385.370742 49.987900 381.954000
59.789830 389.195600 54.439558 388.154532 49.851200 384.721000
59.765420 392.106700 54.380690 391.076201 49.749300 387.642000
59.766400 395.121300 54.350032 394.095401 49.656700 390.656000
59.728620 398.268800 54.278761 397.267737 49.533900 393.784000
59.673270 401.492900 54.228733 400.328934 49.404500 396.977000
59.575390 404.694600 54.076082 403.634275 49.232800 400.160000
59.425140 407.916600 53.942195 406.769208 49.024200 403.345000
59.267000 411.104300 53.719161 410.035997 48.793400 406.517000
59.084670 414.257800 53.535185 413.159213 48.561000 409.656000
58.913680 417.417100 53.357493 416.301896 48.333400 412.794000
58.748810 420.528100 53.187216 419.330430 48.114100 415.899000
58.574140 423.604200 53.004386 422.455019 47.895800 418.944000
58.437200 426.635400 52.866319 425.411471 47.717900 421.963000
58.286850 429.523300 52.707018 428.306523 47.515800 424.834000
58.117570 432.280500 52.531586 431.050798 47.286600 427.597000
57.924100 434.902000 52.314388 433.679161 47.053400 430.188000
57.663190 437.382700 52.057497 436.156888 46.760500 432.651000
57.368250 439.710400 51.761064 438.475209 46.441400 434.939000
57.036690 441.889000 51.425968 440.644220 46.075700 437.132000
56.656850 443.874800 51.042675 442.628733 45.662900 439.122000
56.323860 445.645400 50.716657 444.400089 45.299100 440.897000
56.148660 447.270100 50.553049 446.006849 45.115000 442.503000
56.616130 448.530800 50.631720 447.530304 45.178200 444.018000
57.333540 449.649800 51.042786 448.987514 45.477800 445.340000
58.025620 450.723300 51.573726 450.095763 46.072800 446.478000
58.683230 451.752100 52.408991 451.141262 46.887400 447.494000
59.300760 452.745900 53.445402 451.940471 47.889900 448.259000
60.051910 453.493100 54.671452 452.454055 49.000600 448.823000
61.232100 453.863600 55.845699 452.853292 50.194700 449.193000
62.575150 454.072200 57.217607 453.027866 51.514900 449.380000
64.075560 454.193600 58.782411 453.105882 53.003500 449.496000
65.729870 454.237800 60.321470 453.100069 54.656800 449.546000
67.536180 454.320400 62.309488 453.204077 56.436100 449.639000
69.481920 454.413600 63.977669 453.183172 58.379200 449.751000
71.568440 454.517900 66.268527 453.408253 60.446100 449.898000
73.783230 454.637300 68.368206 453.531253 62.648800 450.066000
76.158670 454.789800 70.638969 453.644892 64.992100 450.268000
78.646770 454.943100 73.211159 453.874222 67.472200 450.478000
81.225870 455.115600 75.736672 454.050508 70.032900 450.700000
83.916780 455.302300 78.392401 454.228684 72.703200 450.938000
86.702020 455.456700 81.186968 454.415381 75.478100 451.151000
89.526350 455.578300 84.001017 454.557170 78.288000 451.329000
92.412350 455.733700 86.881060 454.732474 81.127300 451.538000
95.328570 455.895400 89.774432 454.909286 84.011900 451.755000
98.249890 456.054300 92.693571 455.084555 86.912200 451.977000
101.184100 456.224200 95.664245 455.247030 89.810900 452.181000
104.093100 456.393100 98.586270 455.431418 92.722700 452.388000
106.998900 456.525600 101.509157 455.568210 95.611100 452.571000
109.897200 456.654500 104.422023 455.710137 98.482900 452.741000
112.749700 456.816600 107.254069 455.878681 101.315000 452.942000
115.610200 456.965500 110.053373 456.019524 104.166000 453.153000
118.400100 457.099300 112.882170 456.181476 106.942000 453.335000
121.145900 457.258900 115.587374 456.343183 109.678000 453.538000
123.876500 457.448100 118.308512 456.535009 112.406000 453.765000
126.583800 457.666500 121.022438 456.761291 115.103000 454.025000
129.241600 457.972700 123.740386 457.058722 117.756000 454.367000
131.877300 458.360200 126.319335 457.458524 120.372000 454.802000
134.472300 458.810900 128.921858 457.937974 122.941000 455.295000
137.047800 459.328100 131.481002 458.454549 125.501000 455.845000
139.578900 459.909300 133.973193 459.001384 128.022000 456.444000
142.082300 460.548100 136.495320 459.671231 130.522000 457.117000
144.536100 461.240400 138.965218 460.374641 132.967000 457.874000
146.935100 462.035700 141.340059 461.155382 135.355000 458.680000
149.323900 462.890800 143.725282 462.001916 137.729000 459.554000
151.645200 463.789700 146.043545 462.895591 140.032000 460.469000
153.953700 464.746000 148.344178 463.840235 142.308000 461.445000
156.216300 465.719100 150.600873 464.822853 144.559000 462.462000
158.442000 466.755000 152.812127 465.864674 146.764000 463.533000
160.610800 467.844100 154.978691 466.967742 148.911000 464.666000
162.721500 468.976400 157.090621 468.119667 150.991000 465.834000
164.765200 470.136200 159.098939 469.291711 153.014000 467.037000
166.772400 471.335900 161.076233 470.506829 154.976000 468.272000
168.632200 472.526000 162.930392 471.730774 156.809000 469.508000
170.346500 473.697400 164.605524 472.905371 158.499000 470.719000
171.909300 474.797000 166.148497 474.010214 160.036000 471.839000
173.302800 475.783300 167.573743 474.959221 161.422000 472.853000
174.556500 476.625400 168.802797 475.827935 162.692000 473.698000
175.656700 477.273900 169.923097 476.472844 163.815000 474.350000
176.667400 477.791400 170.954007 476.983743 164.827000 474.863000
177.693700 478.199200 172.007410 477.421681 165.875000 475.300000
178.769200 478.445200 173.098788 477.662325 166.959000 475.556000
179.820200 478.560500 174.173283 477.787429 168.008000 475.700000
180.911200 478.531600 175.289901 477.657947 169.110000 475.670000
182.068600 478.323700 176.490215 477.539701 170.260000 475.502000
183.262200 477.935100 177.698384 477.121695 171.480000 475.096000
184.488300 477.285200 178.968598 476.394466 172.709000 474.435000
185.759400 476.306800 180.392133 475.232560 174.001000 473.455000
187.077400 475.006900 181.695126 474.013077 175.339000 472.157000
188.478700 473.464500 183.127445 472.396552 176.747000 470.620000
189.953700 471.703500 184.406593 470.645632 178.236000 468.856000
191.518900 469.725200 186.240123 468.538751 179.818000 466.901000
193.208300 467.608400 187.825341 466.394671 181.510000 464.803000
195.017400 465.320900 189.832852 463.879893 183.299000 462.537000
196.863700 462.933100 191.558196 461.565595 185.154000 460.155000
198.729100 460.522700 193.628181 458.871978 187.030000 457.781000
200.614200 458.121400 195.455584 456.512852 188.919000 455.398000
202.510500 455.730200 197.399691 454.033813 190.811000 453.044000
204.411000 453.358300 199.227965 451.730959 192.721000 450.700000
206.321800 451.001000 201.109066 449.380462 194.638000 448.367000
208.222000 448.665100 202.932202 447.101084 196.565000 446.050000
210.114400 446.337900 204.767163 444.763871 198.432000 443.760000
211.976500 444.014500 206.735521 442.327008 200.296000 441.460000
213.836200 441.706600 208.546451 440.053582 202.156000 439.179000
215.683700 439.420500 210.387682 437.760061 204.012000 436.926000
217.555600 437.143300 212.322497 435.377958 205.905000 434.684000
219.471300 434.824100 214.191895 433.124581 207.848000 432.379000
221.450500 432.447100 216.161989 430.759557 209.861000 430.037000
223.466700 430.017100 218.223736 428.294691 211.905000 427.617000
225.486700 427.604100 220.241443 425.818451 213.942000 425.183000
227.506500 425.191500 222.245447 423.378179 215.978000 422.755000
229.526100 422.779100 224.228588 420.987797 218.032000 420.360000
231.545400 420.367100 226.257629 418.570243 220.072000 417.982000
233.564400 417.955300 228.485987 415.904962 222.074000 415.667000
235.559300 415.588300 230.217494 413.921467 224.057000 413.390000
237.436800 413.389000 232.084411 411.700658 225.942000 411.203000
238.780200 411.507400 233.800427 409.625891 227.688000 409.145000
239.937800 409.690800 235.504882 407.373688 229.243000 407.210000
241.095100 407.877000 236.620995 405.892559 230.563000 405.434000
242.251200 406.068000 237.667348 404.143123 231.598000 403.743000
243.408000 404.262500 238.375261 402.444349 232.312000 402.091000
244.011000 402.484000 238.785983 400.695762 232.699000 400.368000
244.001400 400.839200 238.766153 398.974916 232.697000 398.678000
243.616800 399.284000 238.269323 397.418273 232.329000 397.099000
242.890100 397.828700 237.583561 395.991771 231.598000 395.588000
241.873600 396.462000 236.557933 394.473607 230.589000 394.225000
240.631500 395.201500 235.307182 393.243382 229.392000 392.943000
239.221600 394.033800 233.870937 392.093658 227.954000 391.728000
237.618600 392.957600 232.292189 391.112378 226.341000 390.611000
235.793400 391.994800 230.323256 390.057328 224.504000 389.645000
233.764600 391.138800 228.265508 389.254121 222.449000 388.806000
231.526900 390.407500 225.992009 388.557696 220.204000 388.062000
229.101900 389.773400 223.521594 387.936877 217.736000 387.393000
226.502900 389.204300 220.902935 387.462546 215.096000 386.795000
223.725900 388.759000 218.092197 386.964943 212.294000 386.331000
220.797800 388.372500 215.070279 386.571071 209.350000 385.918000
217.710700 387.983400 211.918705 386.216923 206.241000 385.519000
214.530600 387.607200 208.684756 386.109509 203.073000 385.143000
211.281800 387.245500 205.447165 385.579241 199.815000 384.780000
207.989900 386.906600 202.058290 385.475348 196.529000 384.437000
204.658000 386.595500 198.693409 384.983123 193.188000 384.115000
201.286800 386.304300 195.272164 384.729101 189.833000 383.810000
197.918900 386.031200 191.865725 384.500195 186.441000 383.545000
194.555800 385.786300 188.481188 384.312637 183.083000 383.307000
191.207200 385.554600 185.120170 384.131961 179.743000 383.081000
187.886200 385.358400 181.754781 383.981674 176.418000 382.871000
184.599200 385.187900 178.476565 383.860603 173.141000 382.683000
181.348200 385.028900 175.158818 383.695253 169.891000 382.512000
178.125300 384.880300 171.938340 383.568328 166.657000 382.341000
174.940200 384.732200 168.740019 383.431861 163.484000 382.177000
171.787000 384.605200 165.574344 383.310011 160.334000 382.008000
168.667500 384.479200 162.456224 383.197749 157.240000 381.854000
165.610000 384.375800 159.328952 383.232924 154.205000 381.719000
162.651900 384.300900 156.431504 383.028411 151.259000 381.616000
159.841600 384.253100 153.617799 382.999561 148.462000 381.540000
157.212800 384.244100 150.955186 383.123095 145.828000 381.502000
154.757500 384.238100 148.511764 382.985092 143.387000 381.472000
152.465500 384.177300 146.221501 382.966406 141.099000 381.381000
150.349500 384.033300 144.101418 382.786583 139.000000 381.199000
148.462800 383.774700 142.242861 382.547400 137.149000 380.926000
146.861800 383.342900 140.675383 382.104451 135.584000 380.459000
145.493000 382.652100 139.368503 381.445458 134.296000 379.778000
144.342900 381.710300 138.287048 380.669165 133.179000 378.848000
143.476000 380.548800 137.328581 379.344683 132.343000 377.670000
142.885900 379.215000 136.781018 377.992451 131.757000 376.320000
142.512900 377.743300 136.408367 376.526680 131.384000 374.853000
142.317800 376.136600 136.212878 374.909612 131.201000 373.287000
142.188100 374.395800 136.109258 373.343639 131.081000 371.569000
142.147200 372.567400 135.996216 371.255484 131.036000 369.764000
142.122900 370.607400 135.963787 369.263166 131.005000 367.827000
142.117600 368.494900 135.973192 367.362905 131.007000 365.718000
142.130800 366.233800 135.936308 364.753691 131.025000 363.453000
142.204400 363.814600 136.039338 362.912331 131.093000 361.050000
142.299400 361.231000 136.078161 359.587719 131.190000 358.461000
142.415300 358.474700 136.202377 357.328996 131.317000 355.706000
142.582500 355.558100 136.346886 353.808757 131.512000 352.795000
142.739700 352.539000 136.508252 350.899073 131.695000 349.792000
142.891900 349.439100 136.657906 347.841788 131.839000 346.706000
143.064500 346.281300 136.824478 344.709789 132.026000 343.564000
143.227100 343.091000 136.972490 341.577081 132.194000 340.389000
143.425200 339.887400 137.200730 338.587456 132.401000 337.200000
143.616200 336.700500 137.337901 335.093795 132.601000 334.030000
143.795900 333.502200 137.501244 331.888367 132.781000 330.845000
144.005700 330.337500 137.693665 328.728251 132.985000 327.681000
144.230000 327.130600 137.858396 325.478392 133.169000 324.488000
144.419100 323.896200 138.023504 322.371589 133.333000 321.271000
144.587400 320.591100 138.117457 318.841198 133.484000 317.994000
144.754600 317.239000 138.256869 315.478740 133.641000 314.672000
144.941900 313.833000 138.408629 312.100047 133.808000 311.319000
145.157300 310.363000 138.585099 308.724152 134.000000 307.894000
145.368500 306.861100 138.727759 305.107858 134.177000 304.438000
145.569800 303.322100 138.882393 301.560305 134.341000 300.928000
145.779600 299.781500 139.031323 298.056066 134.516000 297.413000
145.995800 296.224300 139.200168 294.592905 134.708000 293.876000
146.232800 292.723700 139.381175 290.998714 134.915000 290.383000
146.466500 289.221500 139.566578 287.513082 135.119000 286.888000
146.685200 285.746000 139.762762 284.049501 135.354000 283.420000
146.893800 282.281200 139.944770 280.592030 135.554000 279.982000
147.103700 278.834100 140.125432 277.140056 135.773000 276.554000
147.309200 275.380000 140.314385 273.729193 135.967000 273.122000
147.469000 272.014900 140.469877 270.479886 136.127000 269.756000
147.644100 268.640500 140.588108 267.005772 136.287000 266.387000
147.828000 265.287400 140.749307 263.580385 136.475000 263.058000
148.018700 262.011300 140.918589 260.305924 136.665000 259.798000
148.191600 258.776500 141.054534 257.063484 136.816000 256.563000
148.362500 255.568000 141.179084 253.884531 136.969000 253.348000
148.542700 252.484800 141.326071 250.809255 137.137000 250.263000
148.699400 249.530100 141.451051 247.862246 137.278000 247.314000
148.855100 246.697000 141.577790 245.045553 137.416000 244.494000
149.012000 244.059600 141.716760 242.426903 137.578000 241.856000
149.177500 241.565300 141.870454 239.925994 137.750000 239.354000
149.354100 239.240800 142.035466 237.579778 137.929000 237.015000
149.518500 237.141100 142.190452 235.453463 138.098000 234.913000
149.688400 235.241100 142.350661 233.537102 138.264000 233.013000
149.831600 233.536700 142.521879 231.782483 138.404000 231.293000
149.906300 232.004900 142.569674 230.252243 138.488000 229.757000
149.838700 230.619900 142.518273 228.837693 138.426000 228.359000
149.635100 229.344100 142.331921 227.501495 138.232000 227.054000
149.241300 228.150200 141.918839 226.388861 137.844000 225.866000
148.716100 227.039600 141.350802 225.180524 137.318000 224.725000
148.000700 226.008200 140.617049 224.116314 136.606000 223.648000
147.075700 225.048900 139.738375 223.257550 135.694000 222.685000
145.937600 224.217300 138.590808 222.387753 134.576000 221.817000
144.564400 223.496400 137.139130 221.517691 133.237000 221.075000
143.010800 222.963900 135.568260 220.973350 131.700000 220.502000
141.316600 222.568700 133.830723 220.581742 130.043000 220.094000
139.454500 222.334500 131.932403 220.344905 128.213000 219.830000
137.425000 222.166300 130.088653 220.376609 126.208000 219.629000
135.205500 222.050100 127.592077 220.053600 124.021000 219.484000
132.804000 221.961500 125.212604 219.968976 121.663000 219.370000
130.267400 221.919300 122.815583 220.123830 119.124000 219.284000
127.508700 221.882500 119.970367 219.935501 116.347000 219.188000
124.622700 221.854300 117.061668 219.992093 113.458000 219.079000
121.664000 221.830100 113.894521 219.773154 110.510000 218.987000
118.657200 221.763300 110.879849 219.700330 107.514000 218.869000
115.641600 221.685500 107.868455 219.602284 104.535000 218.705000
112.627300 221.570300 104.891393 219.604437 101.533000 218.529000
109.673500 221.356100 101.798891 219.327383 98.568800 218.340000
106.754900 221.166500 98.847902 219.182790 95.653800 218.156000
103.815900 220.977200 95.879705 219.057444 92.701700 217.982000
100.933900 220.822800 92.997305 218.952011 89.815800 217.822000
98.075460 220.656000 90.117305 218.855089 86.943100 217.680000
95.253020 220.487500 87.290098 218.728699 84.123200 217.508000
92.486910 220.344500 84.528828 218.582722 81.359400 217.319000
89.875370 220.223200 81.875645 218.459567 78.756300 217.152000
87.458400 220.103100 79.529348 218.332389 76.341400 216.994000
85.308900 219.940400 77.307572 218.193024 74.156900 216.865000
83.404740 219.814900 75.397263 218.127054 72.250800 216.772000
81.811460 219.719400 73.759151 218.094029 70.610500 216.740000
80.386560 219.682400 72.300286 218.105314 69.156800 216.738000
79.003730 219.767200 70.895636 218.180784 67.767600 216.793000
77.660700 220.007600 69.565684 218.409943 66.410500 216.989000
76.371580 220.406400 68.252172 218.762851 65.129600 217.364000
75.155860 220.960300 67.037216 219.280406 63.918200 217.884000
74.011040 221.726500 65.881913 220.055019 62.770700 218.644000
72.923470 222.715600 64.774931 221.323010 61.689300 219.577000
71.978870 223.872400 63.830763 222.185225 60.749000 220.719000
71.184520 225.266700 63.072583 223.515457 60.012600 221.973000
70.559680 226.755300 62.491070 224.949971 59.437200 223.382000
70.106430 228.212400 62.064089 226.479738 58.996200 224.860000
69.780350 229.717400 61.786851 228.030255 58.702300 226.366000
69.611080 231.273600 61.649871 229.646563 58.563200 227.912000
69.507330 232.885000 61.576194 231.360246 58.480000 229.506000
69.413710 234.508900 61.519595 233.108888 58.401900 231.117000
69.343880 236.144900 61.491518 234.784806 58.353900 232.702000
69.165330 237.775100 61.346105 236.478198 58.197900 234.324000
68.850580 239.377200 61.053745 238.240514 57.919400 235.867000
68.411010 240.827300 60.559313 239.797365 57.422800 237.315000
67.727420 242.111200 59.834481 241.108762 56.747800 238.567000
66.803100 243.182900 58.882843 242.337709 55.831700 239.687000
65.701790 244.107800 57.750363 243.392091 54.728200 240.684000
64.448250 244.782200 56.463864 244.076305 53.487800 241.362000
63.080800 245.260000 55.075445 244.593782 52.125300 241.851000
61.580750 245.474700 53.716048 244.883829 50.625800 242.074000
60.021940 245.545100 51.920628 244.944408 49.088800 242.135000
58.373630 245.501300 50.237926 244.916569 47.481400 242.090000
56.557790 245.387700 48.436065 244.887455 45.689500 242.032000
54.575700 245.267600 46.374892 244.848310 43.744400 241.959000
52.422320 245.171900 44.197295 244.815063 41.591400 241.906000
50.087930 245.081900 41.739997 244.782533 39.264300 241.839000
47.581640 245.008900 39.281571 244.750221 36.775900 241.770000
44.918970 244.937600 37.010200 244.738761 34.119500 241.689000
42.122820 244.817200 33.717001 244.627278 31.331500 241.568000
39.164720 244.672400 30.848582 244.534182 28.354100 241.429000
36.057060 244.510700 28.236292 244.464535 25.255300 241.263000
32.840100 244.318200 24.490757 244.277198 22.036300 241.083000
29.595440 244.119000 21.306097 244.146465 18.792000 240.897000
26.356030 243.938500 18.139984 244.039331 15.559300 240.735000
23.136280 243.778100 14.959615 243.944619 12.328200 240.594000
19.923890 243.574600 11.808818 243.805677 9.118650 240.407000
16.771670 243.333700 8.724065 243.629569 5.971120 240.181000
13.661940 243.082500 5.704468 243.449562 2.879960 239.942000
10.666390 242.818300 2.633413 243.239799 -0.106548 239.693000
7.814747 242.555200 -0.187761 243.045098 -2.945870 239.463000
5.139292 242.325200 -2.847958 242.881972 -5.613290 239.252000
2.679849 242.118700 -5.315061 242.725992 -8.091850 239.070000
0.450309 241.930700 -7.545464 242.585406 -10.317400 238.904000
-1.528966 241.776000 -9.540720 242.479070 -12.305300 238.766000
-3.228819 241.670700 -11.245553 242.404076 -14.009800 238.675000
-4.618300 241.633500 -12.646381 242.399612 -15.391900 238.652000
-5.727634 241.635600 -13.769860 242.429283 -16.494200 238.663000
-6.594910 241.676300 -14.638545 242.494976 -17.362000 238.712000
-7.316062 241.736500 -15.362809 242.577675 -18.075500 238.786000
-7.999830 241.824600 -16.097634 242.696536 -18.752600 238.897000
-8.668434 241.971800 -16.760188 242.871618 -19.388000 239.053000
-9.310473 242.159800 -17.388900 243.076667 -20.025500 239.254000
-10.040280 242.489600 -18.104336 243.406121 -20.741900 239.581000
-10.900630 242.986700 -18.975393 243.902037 -21.581700 240.055000
-11.788840 243.696900 -19.853450 244.764924 -22.468000 240.744000
-12.605680 244.629900 -20.687398 245.567578 -23.299700 241.688000
-13.325190 245.805400 -21.388630 246.776489 -24.041300 242.873000
-13.876090 247.212100 -21.881222 248.251931 -24.577400 244.339000
-14.262280 248.903900 -22.199922 250.016005 -24.937200 246.045000
-14.456720 250.843200 -22.362168 252.014471 -25.099000 247.979000
-14.534350 252.994100 -22.373576 254.191577 -25.142900 250.146000
-14.597030 255.350200 -22.335931 256.464797 -25.177000 252.494000
-14.667090 257.910700 -22.381585 259.165948 -25.215800 255.041000
-14.735990 260.649600 -22.389430 261.892280 -25.273800 257.778000
-14.849520 263.575900 -22.416642 264.752447 -25.368500 260.684000
-14.957480 266.729800 -22.410191 267.880025 -25.481800 263.826000
-15.059630 270.015600 -22.549227 271.286902 -25.577700 267.090000
-15.182710 273.477200 -22.627721 274.722914 -25.713000 270.491000
-15.303150 277.021400 -22.697122 278.263010 -25.843100 274.008000
-15.440230 280.658500 -22.781850 281.919602 -25.977200 277.602000
-15.590580 284.351600 -22.884997 285.621983 -26.118600 281.246000
-15.764490 288.068200 -23.006915 289.340191 -26.291800 284.905000
-15.946800 291.811700 -23.132383 293.067332 -26.463700 288.611000
-16.099940 295.543400 -23.233067 296.809971 -26.618200 292.311000
-16.260060 299.308400 -23.322869 300.587414 -26.769100 296.055000
-16.425310 303.105800 -23.415585 304.403440 -26.919500 299.837000
-16.590140 306.893300 -23.510329 308.210893 -27.069700 303.594000
-16.756680 310.705900 -23.607696 312.051974 -27.220600 307.366000
-16.910250 314.536100 -23.699621 315.888447 -27.381600 311.171000
-17.062160 318.371600 -23.782172 319.705870 -27.528100 314.970000
-17.211700 322.183300 -23.890314 323.528978 -27.695500 318.769000
-17.359600 325.995800 -23.995920 327.363952 -27.870900 322.547000
-17.503240 329.777900 -24.049146 331.300206 -28.027200 326.327000
-17.652950 333.537700 -24.175765 334.959179 -28.172900 330.070000
-17.803470 337.274400 -24.266038 338.735637 -28.310300 333.783000
-17.965510 340.928300 -24.386798 342.421327 -28.465300 337.423000
-18.139020 344.467400 -24.492498 345.985129 -28.638500 340.933000
-18.309560 347.827300 -24.546499 349.473118 -28.798700 344.288000
-18.498430 351.069300 -24.693957 352.549424 -28.958400 347.517000
-18.657830 354.177800 -24.805243 355.717400 -29.099900 350.611000
-18.779270 357.113600 -24.862169 358.657870 -29.196900 353.548000
-18.870160 359.864000 -24.897452 361.420507 -29.277300 356.297000
-18.946200 362.402300 -24.915623 363.953736 -29.330100 358.822000
-18.990920 364.711200 -24.930462 366.260747 -29.380100 361.117000
-19.050610 366.784400 -24.951456 368.316973 -29.423500 363.159000
-19.150770 368.599600 -25.019028 370.126346 -29.518200 364.951000
-19.288630 370.232600 -25.120087 371.731535 -29.666500 366.539000
-19.600770 371.746300 -25.451524 373.227831 -29.980800 367.988000
-20.181060 373.134000 -25.905535 374.442762 -30.541200 369.313000
-21.046240 374.352900 -26.699675 375.674432 -31.285800 370.413000
-22.127780 375.353800 -27.689242 376.635857 -32.294400 371.364000
-23.457040 376.098400 -29.013728 377.317478 -33.595700 372.100000
-24.934490 376.556700 -30.541861 377.905288 -35.067700 372.525000
-26.555040 376.670400 -32.195457 377.979872 -36.693100 372.629000
-28.276760 376.521700 -33.948250 377.795846 -38.373200 372.449000
-30.056280 376.231600 -35.750443 377.491568 -40.152100 372.142000
-31.975970 375.881500 -37.746959 377.191835 -42.046800 371.816000
-34.041570 375.538800 -39.741473 376.881969 -44.078200 371.494000
-36.312400 375.174700 -42.090279 376.557037 -46.327500 371.146000
-38.740670 374.815500 -44.472949 376.234115 -48.734300 370.794000
-41.349510 374.513500 -47.046797 375.959744 -51.315300 370.507000
-44.097790 374.260800 -49.508565 375.728926 -54.070100 370.289000
-47.011360 374.040700 -52.742141 375.635975 -56.979600 370.119000
-50.040150 373.823900 -55.673343 375.477450 -59.995800 369.928000
-53.185680 373.618900 -58.693509 375.325860 -63.131300 369.755000
-56.406270 373.421900 -61.967075 375.138211 -66.349100 369.587000
-59.653410 373.251300 -65.214607 375.090732 -69.577500 369.440000
-62.943060 373.083600 -68.513809 374.970586 -72.852300 369.283000
-66.219570 372.909300 -71.804357 374.846790 -76.125700 369.126000
-69.486870 372.732000 -75.071244 374.705625 -79.381800 368.945000
-72.726120 372.532900 -78.351566 374.540753 -82.620300 368.759000
-75.949990 372.348800 -81.605524 374.393322 -85.842500 368.581000
-79.132360 372.198800 -84.776192 374.269024 -89.023800 368.438000
-82.276670 372.085900 -87.802026 374.129719 -92.173700 368.321000
-85.318380 372.021300 -91.031220 374.175947 -95.225700 368.261000
-88.202870 371.999200 -93.931566 374.182412 -98.107100 368.233000
-90.927450 371.989600 -96.685370 374.203385 -100.828000 368.219000
-93.555550 371.974900 -99.339510 374.216077 -103.459000 368.205000
-96.169310 371.894100 -101.957468 374.163859 -106.060000 368.122000
-98.735200 371.699400 -104.547759 373.984404 -108.612000 367.928000
-101.335900 371.405700 -107.106289 373.733811 -111.195000 367.627000
-104.006100 371.090100 -109.652550 373.434139 -113.861000 367.324000
-106.771100 370.792200 -112.500687 373.184338 -116.620000 367.034000
-109.682200 370.477800 -115.358748 372.918919 -119.505000 366.736000
-112.739100 370.228500 -118.375420 372.717054 -122.529000 366.502000
-115.931600 370.036400 -121.563192 372.561409 -125.705000 366.312000
-119.286600 369.828600 -124.990820 372.395990 -129.023000 366.122000
-122.729500 369.724600 -128.382350 372.344247 -132.439000 366.031000
-126.288700 369.671200 -131.882533 372.316274 -135.992000 365.977000
-129.839700 369.662300 -135.468036 372.356873 -139.527000 365.979000
-133.385600 369.650900 -139.004824 372.389845 -143.046000 365.971000
-136.894400 369.634000 -142.504267 372.426746 -146.536000 365.980000
-140.398100 369.514400 -145.970478 372.351542 -150.023000 365.860000
-143.862100 369.340500 -149.437787 372.224015 -153.478000 365.705000
-147.327600 369.166400 -152.892684 372.103459 -156.924000 365.548000
-150.737000 368.971100 -156.257799 371.958298 -160.324000 365.372000
-154.158600 368.781900 -159.656030 371.824452 -163.735000 365.201000
-157.533900 368.539100 -162.936625 371.627684 -167.102000 364.979000
-160.863100 368.281900 -166.162325 371.403004 -170.422000 364.741000
-164.185700 368.025000 -169.612058 371.217835 -173.725000 364.501000
-167.432800 367.748600 -172.751594 370.994162 -176.966000 364.250000
-170.642400 367.488400 -176.018514 370.798680 -180.178000 364.010000
-173.841400 367.227100 -179.178486 370.593169 -183.360000 363.766000
-177.023700 366.951400 -182.314246 370.371515 -186.516000 363.511000
-180.244500 366.730400 -185.527307 370.199972 -189.724000 363.311000
-183.473900 366.580900 -188.707000 370.098745 -192.939000 363.169000
-186.744800 366.472000 -191.955885 370.034854 -196.193000 363.074000
-190.033500 366.367300 -195.195538 369.971052 -199.453000 362.971000
-193.355400 366.250500 -198.544686 369.911735 -202.736000 362.855000
-196.716900 366.188600 -201.855759 369.896497 -206.094000 362.802000
-200.121200 366.182600 -205.238661 369.939321 -209.502000 362.819000
-203.540500 366.199800 -208.662538 369.997094 -212.901000 362.850000
-206.952700 366.227500 -212.090919 370.086912 -216.289000 362.897000
-210.347900 366.285500 -215.438933 370.174597 -219.665000 362.961000
-213.706200 366.365900 -218.798424 370.300868 -223.029000 363.044000
-217.009500 366.481900 -222.086235 370.461331 -226.321000 363.177000
-220.179700 366.654500 -225.245021 370.677374 -229.492000 363.355000
-223.191200 366.879000 -228.257994 370.944365 -232.482000 363.593000
-226.097000 367.114900 -231.173675 371.225368 -235.374000 363.834000
-228.814800 367.345400 -233.895197 371.497924 -238.109000 364.090000
-231.386300 367.584000 -236.473523 371.774281 -240.669000 364.334000
-233.712600 367.887700 -238.797949 372.118253 -242.989000 364.650000
-235.782000 368.275800 -240.920643 372.552559 -245.050000 365.045000
-237.675400 368.737900 -242.817027 373.052378 -246.941000 365.532000
-239.369400 369.206200 -244.524581 373.556081 -248.638000 365.999000
-240.923900 369.617600 -246.059952 373.989345 -250.198000 366.420000
-242.343700 369.946600 -247.488662 374.344866 -251.627000 366.761000
-243.617800 370.200700 -248.774105 374.617416 -252.900000 367.019000
-244.859400 370.340600 -249.977564 374.769058 -254.131000 367.159000
-246.077300 370.391700 -251.202949 374.844661 -255.334000 367.218000
-247.267700 370.379800 -252.410756 374.860505 -256.520000 367.208000
-248.493500 370.333700 -253.581828 374.817091 -257.740000 367.171000
-249.783700 370.306600 -254.872297 374.810631 -259.030000 367.157000
-251.078800 370.299200 -256.075224 374.815679 -260.319000 367.162000
-252.358200 370.349900 -257.356847 374.875403 -261.607000 367.218000
-253.632100 370.436500 -258.594494 374.996039 -262.877000 367.315000
-254.850600 370.581800 -259.811486 375.162351 -264.101000 367.470000
-255.940600 370.729900 -260.899721 375.326804 -265.182000 367.617000
-256.915700 370.895600 -261.871337 375.512463 -266.159000 367.815000
-257.880300 371.026600 -262.832286 375.667911 -267.125000 367.956000
-258.825300 371.074700 -263.756270 375.747856 -268.059000 368.024000
-259.790200 371.036700 -264.717154 375.763380 -269.022000 368.003000
-260.853800 370.865000 -265.758968 375.609318 -270.085000 367.866000
-261.981300 370.525600 -266.913122 375.300308 -271.211000 367.534000
-263.149900 369.955400 -268.089897 374.733784 -272.401000 366.985000
-264.334300 369.128800 -269.251685 373.916496 -273.586000 366.175000
-265.453200 367.983800 -270.393189 372.795021 -274.692000 365.037000
-266.451000 366.525200 -271.418594 371.347253 -275.709000 363.578000
-267.251800 364.723800 -272.255371 369.591593 -276.501000 361.832000
-267.949500 362.709300 -272.978906 367.549342 -277.171000 359.833000
-268.506500 360.485200 -273.562078 365.293346 -277.705000 357.633000
-268.941500 358.026800 -274.017423 362.827961 -278.117000 355.178000
-269.220400 355.348600 -274.322381 360.135426 -278.364000 352.520000
-269.448800 352.477300 -274.550253 357.264375 -278.564000 349.654000
-269.718000 349.407100 -274.875411 354.103860 -278.791000 346.609000
-269.985700 346.177700 -275.148314 350.850811 -279.015000 343.375000
-270.257600 342.841000 -275.413276 347.445404 -279.228000 340.045000
-270.518100 339.408900 -275.661486 343.979548 -279.428000 336.616000
-270.754500 335.850800 -275.889708 340.360218 -279.609000 333.057000
-270.955500 332.279200 -276.078019 336.727953 -279.743000 329.483000
-271.100700 328.699800 -276.214652 333.061862 -279.835000 325.937000
-271.205200 325.126400 -276.327791 329.408946 -279.893000 322.366000
-271.267700 321.587300 -276.420186 325.818879 -279.900000 318.829000
-271.275200 318.070500 -276.415949 322.225727 -279.840000 315.325000
-271.222900 314.582000 -276.361347 318.640652 -279.728000 311.842000
-271.120000 311.120600 -276.104108 315.036418 -279.565000 308.398000
-270.978000 307.683800 -276.101838 311.544019 -279.356000 304.984000
-270.782700 304.265600 -275.885569 308.025303 -279.096000 301.600000
-270.528600 300.853100 -275.510790 304.457642 -278.783000 298.222000
-270.242000 297.429400 -275.348828 301.036565 -278.460000 294.823000
-269.919600 293.989900 -275.025218 297.559625 -278.086000 291.421000
-269.545200 290.528500 -274.656813 294.064896 -277.663000 287.997000
-269.141700 287.042100 -274.251131 290.569461 -277.197000 284.542000
-268.688300 283.528200 -273.814521 287.010409 -276.699000 281.083000
-268.188900 279.998100 -273.303955 283.555101 -276.151000 277.575000
-267.644900 276.438400 -272.769371 279.999366 -275.556000 274.055000
-267.060700 272.864800 -272.210636 276.452833 -274.928000 270.505000
-266.415600 269.267600 -271.584952 272.869646 -274.218000 266.964000
-265.703700 265.659900 -270.890563 269.271834 -273.484000 263.430000
-264.933700 262.028500 -270.131442 265.657914 -272.666000 259.855000
-264.083600 258.356100 -269.311836 262.041660 -271.776000 256.242000
-263.198600 254.694500 -268.442283 258.406081 -270.822000 252.637000
-262.249500 251.044300 -267.511289 254.790929 -269.830000 249.057000
-261.237300 247.429800 -266.522269 251.360046 -268.773000 245.482000
-260.189300 243.839800 -265.489380 247.592332 -267.690000 241.957000
-259.094000 240.246100 -264.425442 244.043990 -266.547000 238.435000
-257.955600 236.666200 -263.342744 240.731799 -265.376000 234.920000
-256.772700 233.104800 -262.187758 237.043133 -264.149000 231.443000
-255.531300 229.548500 -260.995130 233.594046 -262.877000 227.936000
-254.248400 226.028100 -259.766473 230.169082 -261.560000 224.495000
-252.919100 222.544000 -258.445394 226.743515 -260.190000 221.053000
-251.574800 219.079600 -257.165172 223.318414 -258.812000 217.675000
-250.208800 215.633800 -255.836123 219.888168 -257.407000 214.296000
-248.823500 212.212300 -254.495566 216.525645 -255.970000 210.932000
-247.396200 208.816100 -253.110480 213.157186 -254.522000 207.603000
-245.924600 205.438400 -251.675230 209.789901 -253.033000 204.259000
-244.407500 202.096000 -250.182893 206.444909 -251.477000 200.964000
-242.864900 198.761700 -248.675733 203.139037 -249.908000 197.707000
-241.279000 195.474400 -247.113812 199.866379 -248.305000 194.499000
-239.649300 192.235800 -245.518277 196.625739 -246.644000 191.320000
-237.983200 189.035400 -243.902352 193.495694 -244.948000 188.192000
-236.298900 185.858800 -242.265461 190.358636 -243.234000 185.066000
-234.588400 182.702700 -240.597073 187.246518 -241.479000 181.962000
-232.835600 179.589900 -238.854684 184.108012 -239.695000 178.905000
-231.009300 176.491000 -237.099499 181.080978 -237.836000 175.824000
-229.111700 173.245900 -235.260213 177.942069 -235.944000 172.776000
-227.176300 170.021800 -233.388546 174.831029 -234.009000 169.699000
-225.177100 166.838100 -231.429273 171.695312 -231.995000 166.631000
-223.121100 163.678300 -229.428354 168.602122 -229.920000 163.576000
-221.021800 160.583500 -227.349619 165.534725 -227.803000 160.580000
-218.906700 157.528200 -225.272317 162.540102 -225.670000 157.592000
-216.758300 154.516100 -223.175803 159.529227 -223.484000 154.642000
-214.598900 151.542200 -221.054686 156.580081 -221.296000 151.727000
-212.419400 148.613400 -218.937283 153.693643 -219.095000 148.872000
-210.228200 145.723000 -216.816702 150.861775 -216.880000 146.051000
-207.984500 142.875200 -214.584326 147.994221 -214.614000 143.273000
-205.709300 140.044600 -212.356680 145.182666 -212.320000 140.512000
-203.367700 137.252600 -210.063014 142.430467 -209.960000 137.791000
-200.986900 134.476000 -207.750618 139.706280 -207.560000 135.064000
-198.545200 131.709700 -205.386688 137.005617 -205.105000 132.353000
-196.059300 128.939500 -203.005299 134.331440 -202.590000 129.644000
-193.510200 126.196800 -200.489518 131.577027 -200.012000 126.953000
-190.897300 123.468900 -197.919610 128.862528 -197.397000 124.318000
-188.227400 120.762000 -195.341243 126.195024 -194.734000 121.685000
-185.497000 118.076800 -192.695015 123.536574 -192.011000 119.056000
-182.724000 115.414700 -189.973297 120.874555 -189.232000 116.442000
-179.874900 112.756200 -187.178923 118.230279 -186.383000 113.841000
-176.963500 110.129700 -184.260893 115.528480 -183.483000 111.283000
-174.022700 107.478800 -181.489712 113.006687 -180.552000 108.720000
-171.062700 104.830200 -178.509765 110.296698 -177.591000 106.161000
-168.072200 102.205400 -175.613481 107.723126 -174.588000 103.607000
-165.063500 99.572080 -172.771512 105.229468 -171.571000 101.053000
-162.094200 96.925240 -169.713032 102.452890 -168.604000 98.497700
-159.158100 94.245620 -166.875075 99.834488 -165.653000 95.877900
-156.222000 91.591220 -164.041344 97.245179 -162.715000 93.310400
-153.302600 88.949020 -161.131911 94.580285 -159.771000 90.733200
-150.415700 86.290970 -158.303158 91.956602 -156.886000 88.182000
-147.525700 83.616700 -155.435348 89.273464 -153.989000 85.588500
-144.616800 80.967880 -152.578111 86.639572 -151.051000 82.996800
-141.680000 78.334030 -149.743009 84.067980 -148.096000 80.434800
-138.744900 75.701910 -146.905755 81.482062 -145.160000 77.873900
-135.803000 73.066790 -144.024723 78.842027 -142.228000 75.311400
-132.863800 70.434610 -141.149271 76.220502 -139.305000 72.771100
-129.933000 67.796650 -138.266368 73.585133 -136.378000 70.208300
-127.009300 65.165490 -135.399993 70.970886 -133.446000 67.643700
-124.094300 62.565200 -132.614846 68.460842 -130.525000 65.112600
-121.185800 59.961850 -129.781774 65.896947 -127.609000 62.575700
-118.275800 57.358150 -126.911433 63.308290 -124.700000 60.032900
-115.383500 54.746480 -124.052103 60.680899 -121.803000 57.489700
-112.487100 52.132910 -121.228455 58.104160 -118.894000 54.951200
-109.563100 49.507800 -118.296183 55.437397 -115.968000 52.416400
-106.649400 46.882310 -115.480045 52.894188 -113.041000 49.855500
-103.717200 44.240620 -112.612785 50.271999 -110.085000 47.306500
-100.776700 41.607720 -109.727644 47.658214 -107.137000 44.764900
-97.815960 38.955960 -106.843176 45.050374 -104.178000 42.198300
-94.863170 36.299440 -104.061713 42.582338 -101.220000 39.621700
-91.884440 33.643060 -101.099065 39.862988 -98.210200 37.035700
-88.909720 30.989760 -98.121151 37.177139 -95.245900 34.453100
-85.917480 28.322680 -95.219075 34.561510 -92.255000 31.873500
-82.929050 25.668410 -92.343079 31.988545 -89.263100 29.301200
-79.941980 23.038030 -89.422962 29.383938 -86.258400 26.735400
-76.962720 20.421650 -86.524213 26.795202 -83.293900 24.200000
-74.007520 17.823510 -83.646348 24.224047 -80.338100 21.678500
-71.092400 15.226900 -80.774683 21.616446 -77.425100 19.150500
-68.209240 12.634500 -77.897092 18.996574 -74.534200 16.613300
-65.354250 10.051970 -75.140595 16.468146 -71.680000 14.112200
-62.542350 7.481356 -72.361134 13.880710 -68.844600 11.604500
-59.754040 4.927046 -69.713840 11.415492 -66.045300 9.102500
-57.009180 2.422195 -66.979560 8.886211 -63.295100 6.675710
-54.340090 0.009828 -64.435345 6.520313 -60.631000 4.318820
-51.766990 -2.296378 -61.937468 4.212581 -58.064900 2.084650
-49.260900 -4.526641 -59.501519 2.011412 -55.534700 -0.120636
-46.853800 -6.677798 -56.961624 -0.295160 -53.112100 -2.247140
-44.569730 -8.685225 -54.931229 -2.108765 -50.809900 -4.204100
-42.404320 -10.528340 -52.779741 -3.982652 -48.615900 -6.023720
-40.364200 -12.198710 -50.806501 -5.643882 -46.562300 -7.665460
-38.389800 -13.695430 -48.782538 -7.228631 -44.578100 -9.127350
-36.423220 -15.003710 -46.818472 -8.584611 -42.609900 -10.389900
-34.423200 -16.097900 -44.806323 -9.721787 -40.605300 -11.446600
-32.364650 -16.913830 -42.772307 -10.562319 -38.531600 -12.269700
-30.265120 -17.411740 -40.688238 -11.090446 -36.479100 -12.729400
-28.163420 -17.604910 -38.613203 -11.303117 -34.370300 -12.898600
-26.110560 -17.459960 -36.644690 -11.185954 -32.383500 -12.708600
-24.143360 -16.987220 -34.686668 -10.713048 -30.458100 -12.238700
-22.296980 -16.217800 -32.665868 -9.992556 -28.657100 -11.447000
-20.604650 -15.231400 -30.914940 -9.021991 -26.972700 -10.453700
-19.008910 -14.153640 -29.231422 -7.926312 -25.383900 -9.354420
-17.427180 -13.090130 -27.555570 -6.850510 -23.808100 -8.259020
-15.874640 -12.069320 -25.977094 -5.744628 -22.253700 -7.208030
-14.363580 -11.106930 -24.403048 -4.736949 -20.744900 -6.211530
-12.922670 -10.242620 -22.837868 -3.758809 -19.294900 -5.302110
-11.574780 -9.466819 -21.541644 -3.037224 -17.931200 -4.485690
-10.317910 -8.788752 -20.221089 -2.322611 -16.668700 -3.763070
-9.188230 -8.193104 -19.032760 -1.606959 -15.541900 -3.133250
-8.211014 -7.716742 -18.117704 -1.224326 -14.560500 -2.606610
-7.426664 -7.335419 -17.301428 -0.817691 -13.777300 -2.190380
-6.732949 -7.004384 -16.586157 -0.465086 -13.093000 -1.833430
-6.081177 -6.624412 -15.892727 -0.085877 -12.439100 -1.449550
-5.489078 -6.233971 -15.256675 0.300825 -11.845800 -1.060730
-4.934984 -5.802268 -14.656529 0.720149 -11.295300 -0.626293
-4.339961 -5.285216 -14.120288 1.190896 -10.705500 -0.096877
-3.697865 -4.592905 -13.418489 1.888582 -10.050400 0.599426
-3.037676 -3.769289 -12.825186 2.862981 -9.413580 1.395850
-2.408137 -2.790908 -12.062988 3.686495 -8.797720 2.375720
-1.801721 -1.625169 -11.512133 4.827751 -8.223090 3.517900
-1.269630 -0.215074 -10.878421 6.290764 -7.712400 4.909050
-0.812186 1.417145 -10.420672 7.956842 -7.282850 6.505080
-0.577413 3.304554 -10.161282 9.798446 -7.025720 8.325180
-0.470925 5.426109 -10.124259 11.857910 -6.913340 10.355800
-0.476637 7.694492 -9.997832 14.149861 -6.944630 12.544300
-0.570738 10.119870 -10.080240 16.552476 -7.065800 14.950000
-0.648451 12.686750 -10.214399 19.055712 -7.175230 17.492500
-0.748385 15.378500 -10.498727 21.744958 -7.304250 20.208900
-0.860824 18.191740 -10.374860 24.698526 -7.455930 23.023700
-0.998219 21.084400 -10.509254 27.609475 -7.623600 25.935800
-1.176238 24.100490 -10.687481 30.647481 -7.829130 28.948300
-1.395968 27.224660 -11.121155 33.693709 -8.078070 32.061300
-1.640741 30.420880 -11.168203 36.998381 -8.352630 35.243100
-1.879320 33.664680 -11.408354 40.278144 -8.632010 38.481900
-2.150183 36.923590 -11.862652 43.594072 -8.944240 41.720600
-2.397389 40.249040 -11.940882 46.933106 -9.247370 45.041500
-2.638864 43.594280 -12.156968 50.334509 -9.549910 48.355100
-2.848280 46.962570 -12.382451 53.739374 -9.808110 51.728200
-3.041372 50.356970 -12.587478 57.144522 -10.073600 55.116300
-3.212653 53.820380 -12.804168 60.595989 -10.312800 58.557200
-3.380992 57.307360 -12.988019 64.085433 -10.535700 62.014100
-3.567609 60.834770 -13.271106 67.649066 -10.769100 65.497000
-3.786600 64.385720 -13.357132 71.228310 -11.026800 69.020900
-3.981904 67.973540 -13.561779 74.813437 -11.275300 72.585900
-4.173959 71.565920 -13.776779 78.411479 -11.537600 76.146600
-4.396788 75.106490 -13.985291 81.967801 -11.786300 79.645600
-4.593996 78.623730 -14.174288 85.507376 -12.024300 83.157900
-4.800834 82.136440 -14.382891 89.037229 -12.270300 86.668600
-5.016400 85.597270 -14.557184 92.529841 -12.526300 90.134200
-5.214554 89.008160 -14.746841 95.967126 -12.757100 93.539900
-5.369648 92.435540 -14.897791 99.389551 -12.964600 96.914500
-5.524006 95.827610 -15.043956 102.760111 -13.170100 100.300000
