0.000000 -0.000000 0.004002 0.004149 0.000000 0.000000
0.287920 2.986691 0.277302 3.104872 0.269776 3.057000
0.971569 5.887651 0.985720 6.168255 0.960940 6.097050
2.050498 8.646240 2.123436 9.146028 2.067520 8.964930
3.483068 11.215600 3.637852 11.933221 3.552320 11.640700
5.252124 13.530580 5.535686 14.404675 5.414860 14.106000
7.315983 15.554830 7.885064 16.830159 7.590720 16.260900
9.617499 17.248350 10.495458 18.785224 10.057500 18.103900
12.138440 18.605410 13.435529 20.404938 12.711500 19.565700
14.845670 19.655580 16.598573 21.666030 15.543500 20.681700
17.710960 20.442900 20.046329 22.596233 18.525800 21.529000
20.708720 20.958900 23.628738 23.257834 21.680300 22.096100
23.853650 21.214680 27.693612 23.614760 24.983000 22.390600
27.127230 21.215640 31.805445 23.565880 28.448300 22.418400
30.502910 21.029600 35.974068 23.331407 32.052900 22.266700
33.942320 20.718590 40.301877 22.972001 35.694200 21.990500
37.526800 20.278900 42.571198 22.244303 39.474300 21.607500
41.305500 19.746480 49.218915 21.772497 43.453600 21.123000
45.281370 19.137530 53.447713 21.066832 47.653500 20.564700
49.442010 18.473180 58.554487 20.286406 51.982200 19.944400
53.784140 17.768220 63.131481 19.524956 56.442100 19.299000
58.319700 17.046980 68.601436 18.777689 61.083200 18.638800
63.045640 16.314830 74.310991 17.938728 65.911400 17.984600
67.933580 15.564290 78.457464 17.221322 70.950700 17.291300
72.949570 14.807080 85.904501 16.271848 76.082700 16.608500
78.112070 14.037650 91.486148 15.435299 81.325100 15.940000
83.403150 13.249300 96.855917 14.600300 86.702700 15.245600
88.827470 12.428430 102.690789 13.802354 92.171300 14.555000
94.384170 11.569350 109.357286 12.741863 97.729000 13.807700
100.052700 10.639880 114.768062 11.803356 103.388000 12.988200
105.791000 9.611618 121.553899 10.630689 109.156000 12.058400
111.620600 8.486629 129.353010 9.342184 115.003000 11.037700
117.518200 7.246929 136.485560 8.029360 120.883000 9.942170
123.481700 5.883248 142.765604 6.548370 126.821000 8.726630
129.500400 4.402279 149.090714 4.929394 132.799000 7.400260
135.583700 2.806947 156.134693 3.089678 138.812000 5.948700
141.730400 1.132152 162.951206 1.308817 144.882000 4.441120
147.930500 -0.644931 170.145233 -0.550536 151.051000 2.834460
154.181200 -2.533182 177.427268 -2.628625 157.214000 1.136960
160.473700 -4.525316 180.101643 -4.081050 163.431000 -0.680378
166.825700 -6.614701 191.896697 -7.089076 169.711000 -2.596420
173.224500 -8.806086 199.632015 -9.486209 176.024000 -4.623250
179.671400 -11.085600 205.464205 -11.716035 182.298000 -6.702810
186.169900 -13.447970 211.781950 -14.102488 188.652000 -8.874280
192.708700 -15.908790 217.080866 -16.301772 195.126000 -11.153300
199.295800 -18.474840 225.029988 -19.187145 201.615000 -13.527700
205.877000 -21.127230 231.878208 -21.950059 208.089000 -15.983700
212.474400 -23.878960 235.752321 -24.007790 214.609000 -18.544400
219.085400 -26.695130 246.584237 -27.922977 221.167000 -21.169400
225.674300 -29.566300 253.183492 -30.851462 227.707000 -23.850400
232.258400 -32.511370 256.431326 -32.759083 234.175000 -26.589800
238.826600 -35.515520 264.708612 -36.271541 240.678000 -29.393400
245.357100 -38.591140 272.230005 -39.728926 247.153000 -32.288000
251.842400 -41.746310 277.716205 -42.744309 253.508000 -35.240000
258.295100 -44.977770 284.490341 -46.004361 259.902000 -38.302400
264.734000 -48.300070 291.967145 -49.677433 266.274000 -41.475200
271.174400 -51.720410 299.068104 -53.473304 272.660000 -44.742500
277.658000 -55.253110 306.775491 -57.036085 279.123000 -48.085500
284.188500 -58.892510 313.608592 -60.560272 285.594000 -51.578800
290.770400 -62.649290 319.936744 -64.106801 292.100000 -55.156900
297.421200 -66.505210 324.739657 -67.258851 298.696000 -58.847400
304.114100 -70.451700 334.496803 -72.368308 305.308000 -62.607900
310.871400 -74.512450 340.086036 -75.841943 311.926000 -66.456200
317.638300 -78.729880 346.283091 -79.896865 318.627000 -70.520500
324.412000 -83.100090 354.126479 -84.761573 325.319000 -74.774100
331.147700 -87.570510 360.574201 -88.946350 331.959000 -79.101600
337.838900 -92.151540 366.630958 -93.117134 338.602000 -83.549900
344.489200 -96.836160 372.202317 -97.131964 345.203000 -88.113900
351.109400 -101.590900 376.042867 -100.938083 351.688000 -92.649400
357.680900 -106.441100 383.436962 -105.570537 358.178000 -97.306800
364.205100 -111.363100 393.595305 -112.599712 364.693000 -102.074000
370.654300 -116.349400 399.960282 -117.344695 371.143000 -106.919000
377.044400 -121.373300 405.915174 -121.866280 377.568000 -111.784000
383.353100 -126.497900 409.404840 -125.608575 383.932000 -116.813000
389.648900 -131.627300 419.062319 -132.156335 390.247000 -121.837000
395.838500 -136.824400 422.301035 -135.876168 396.408000 -126.873000
401.977500 -142.068800 431.120896 -142.195104 402.620000 -132.075000
408.063900 -147.386100 436.820105 -147.117414 408.812000 -137.332000
414.119900 -152.725600 443.262450 -152.576203 414.935000 -142.594000
420.140100 -158.070100 448.537804 -157.299841 420.984000 -147.811000
426.135700 -163.442300 454.783096 -162.577769 426.999000 -153.016000
432.096100 -168.831000 460.327545 -167.654080 432.998000 -158.281000
438.042000 -174.202900 466.649816 -173.157506 438.985000 -163.513000
444.039200 -179.520000 472.399346 -178.186920 445.036000 -168.734000
450.064000 -184.791600 478.578856 -183.364243 451.068000 -173.846000
456.158000 -189.992400 484.373524 -188.195505 457.186000 -178.905000
462.246200 -195.183000 490.565981 -193.214212 463.310000 -183.957000
468.350900 -200.337600 495.756869 -197.869039 469.416000 -188.977000
474.468300 -205.478700 502.728728 -203.240991 475.516000 -193.991000
480.606000 -210.588600 508.649147 -208.110226 481.638000 -198.963000
486.757700 -215.677000 514.933040 -213.095379 487.768000 -203.866000
492.916600 -220.757600 521.108277 -218.128561 493.977000 -208.833000
499.072200 -225.827000 527.364597 -223.089629 500.146000 -213.721000
505.239000 -230.914300 533.372463 -227.915051 506.309000 -218.635000
511.393900 -235.996900 539.656235 -232.905754 512.419000 -223.530000
517.549300 -241.076200 545.762951 -237.832935 518.560000 -228.448000
523.710600 -246.155700 552.015908 -242.792831 524.655000 -233.296000
529.865100 -251.222800 557.990098 -247.595222 530.803000 -238.190000
536.037700 -256.292500 564.322342 -252.604654 536.967000 -243.068000
542.213600 -261.366100 570.509040 -257.532611 543.104000 -248.013000
548.376000 -266.436600 576.817150 -262.555286 549.214000 -252.930000
554.549300 -271.525400 582.773427 -267.310940 555.395000 -257.885000
560.720400 -276.614600 589.014178 -272.289279 561.547000 -262.909000
566.895900 -281.702100 595.544085 -277.508989 567.733000 -267.916000
573.077300 -286.787100 601.673215 -282.406264 573.917000 -272.886000
579.254000 -291.852900 608.123325 -287.413500 580.020000 -277.831000
585.438300 -296.913900 614.341401 -292.355656 586.197000 -282.825000
591.610800 -301.938300 620.618711 -297.207665 592.313000 -287.721000
597.802700 -306.948800 626.878255 -302.106072 598.449000 -292.615000
604.002400 -311.952300 633.061453 -306.883869 604.601000 -297.540000
610.204100 -316.963500 639.394374 -311.834684 610.730000 -302.466000
616.401400 -321.978100 645.554397 -316.635009 616.879000 -307.437000
622.606700 -326.989100 651.645353 -321.362515 623.065000 -312.436000
628.813800 -331.994200 658.002974 -326.353800 629.227000 -317.345000
635.032400 -336.999800 664.388773 -331.337770 635.378000 -322.308000
641.237400 -341.988600 670.501353 -336.068710 641.550000 -327.239000
647.445400 -346.968600 676.980612 -341.079613 647.739000 -332.165000
653.662300 -351.935500 683.261808 -345.940505 653.925000 -337.081000
659.877900 -356.880600 689.494362 -350.699163 660.130000 -342.014000
666.112000 -361.828900 695.842499 -355.561632 666.303000 -346.917000
672.350500 -366.769500 702.096369 -360.340339 672.485000 -351.819000
678.587600 -371.720300 708.161668 -364.959422 678.647000 -356.696000
684.819800 -376.684200 714.149327 -369.552369 684.766000 -361.607000
691.040800 -381.648800 720.426548 -374.378608 690.934000 -366.532000
697.271000 -386.614300 726.752367 -379.260267 697.050000 -371.399000
703.506500 -391.568600 732.944505 -384.033383 703.147000 -376.257000
709.744100 -396.517700 739.238565 -388.845810 709.279000 -381.127000
715.983900 -401.433800 745.611180 -393.704669 715.452000 -386.033000
722.229600 -406.329600 751.877212 -398.449405 721.640000 -390.932000
728.498300 -411.207700 758.200000 -403.213745 727.802000 -395.788000
734.766400 -416.073400 764.412179 -407.836742 734.025000 -400.706000
741.047900 -420.934000 770.734668 -412.552335 740.214000 -405.565000
747.328900 -425.791700 777.069438 -417.275229 746.409000 -410.483000
753.611600 -430.654100 783.355101 -421.965252 752.569000 -415.389000
759.909100 -435.497600 789.726897 -426.689744 758.733000 -420.253000
766.234600 -440.329500 795.898680 -431.239149 764.970000 -425.128000
772.573000 -445.140400 802.320170 -435.936721 771.222000 -429.997000
778.917600 -449.932200 808.702857 -440.595956 777.483000 -434.830000
785.270600 -454.711000 815.152086 -445.276507 783.775000 -439.645000
791.604400 -459.487600 821.654386 -450.000681 790.032000 -444.453000
797.914000 -464.271400 828.012204 -454.638461 796.199000 -449.236000
804.202800 -469.044800 834.393961 -459.306705 802.391000 -454.039000
810.490200 -473.819600 840.865719 -464.054451 808.596000 -458.848000
816.791500 -478.590500 847.206708 -468.674814 814.770000 -463.659000
823.116400 -483.340400 853.595657 -473.296637 820.984000 -468.440000
829.464500 -488.061400 859.963299 -477.833243 827.248000 -473.205000
835.854100 -492.776100 866.566912 -482.544781 833.536000 -477.968000
842.262300 -497.485400 872.854109 -486.944794 839.818000 -482.694000
848.682700 -502.196400 879.418478 -491.600324 846.145000 -487.455000
855.114700 -506.913500 885.806617 -496.090243 852.468000 -492.228000
861.557000 -511.637000 892.340309 -500.725477 858.781000 -496.997000
868.011600 -516.355400 898.804939 -505.308041 865.211000 -501.843000
874.441900 -521.049300 905.449742 -510.030782 871.547000 -506.609000
880.882200 -525.706500 911.890425 -514.481717 877.901000 -511.355000
887.323800 -530.307900 918.370197 -518.959131 884.285000 -516.063000
893.755000 -534.861900 924.986048 -523.462278 890.710000 -520.769000
900.174200 -539.374300 931.476085 -527.880101 897.051000 -525.397000
906.591000 -543.848100 938.036388 -532.286055 903.344000 -529.937000
912.989900 -548.291900 944.386962 -536.542754 909.653000 -534.475000
919.400600 -552.731200 950.758944 -540.685802 915.946000 -538.990000
925.806600 -557.125700 957.170151 -544.831436 922.212000 -543.455000
932.226300 -561.535200 963.909650 -549.260002 928.478000 -547.966000
938.632500 -565.932700 970.351035 -553.496976 934.770000 -552.419000
945.057500 -570.322000 976.807467 -557.688880 941.098000 -556.912000
951.507700 -574.710200 983.216344 -561.873849 947.428000 -561.387000
957.980400 -579.074900 990.054979 -566.464749 953.775000 -565.853000
964.464000 -583.424600 996.718950 -570.751112 960.124000 -570.280000
970.963300 -587.758200 1002.900457 -574.637264 966.383000 -574.685000
977.455300 -592.093300 1009.526770 -578.856058 972.684000 -579.090000
983.961700 -596.421100 1016.047411 -582.967531 979.086000 -583.539000
990.461700 -600.766400 1022.715697 -587.311220 985.467000 -588.013000
996.966300 -605.096100 1029.382191 -591.553211 991.847000 -592.486000
1003.471000 -609.407800 1035.926791 -595.688646 998.109000 -596.853000
1009.973000 -613.695400 1042.406351 -599.656186 1004.280000 -601.171000
1016.458000 -617.959200 1049.114114 -603.955264 1010.510000 -605.489000
1022.925000 -622.217200 1055.736931 -608.052581 1016.820000 -609.835000
1029.367000 -626.452700 1062.306521 -612.263731 1023.080000 -614.145000
1035.804000 -630.641600 1068.955616 -616.393775 1029.340000 -618.457000
1042.231000 -634.798800 1075.377911 -620.312169 1035.560000 -622.724000
1048.656000 -638.946200 1081.877919 -624.282786 1041.730000 -626.963000
1055.084000 -643.051500 1088.547331 -628.428269 1047.900000 -631.170000
1061.525000 -647.144100 1095.071136 -632.304516 1054.050000 -635.320000
1067.966000 -651.185500 1101.676364 -636.288241 1060.260000 -639.481000
1074.401000 -655.235300 1108.244315 -640.239611 1066.470000 -643.664000
1080.840000 -659.293400 1114.929575 -644.249173 1072.660000 -647.830000
1087.270000 -663.328400 1121.415196 -648.095177 1078.940000 -652.056000
1093.718000 -667.347400 1127.711721 -651.931680 1085.180000 -656.202000
1100.195000 -671.340900 1134.347481 -655.806183 1091.400000 -660.312000
1106.668000 -675.317100 1140.889769 -659.555945 1097.560000 -664.378000
1113.157000 -679.272000 1147.518669 -663.315380 1103.820000 -668.492000
1119.659000 -683.201000 1154.185457 -667.156485 1110.070000 -672.563000
1126.198000 -687.131900 1160.803854 -670.843947 1116.430000 -676.646000
1132.753000 -691.046400 1167.681761 -674.901861 1122.800000 -680.679000
1139.341000 -694.955400 1174.673763 -679.188068 1129.120000 -684.672000
1145.954000 -698.852200 1181.827506 -683.945058 1135.480000 -688.663000
1152.585000 -702.740800 1187.291761 -686.479857 1141.920000 -692.724000
1159.229000 -706.637800 1194.096585 -690.271689 1148.400000 -696.802000
1165.886000 -710.538400 1200.886866 -694.033355 1154.890000 -700.871000
1172.562000 -714.459000 1207.915388 -698.045738 1161.360000 -704.924000
1179.271000 -718.394000 1214.005089 -702.241805 1167.890000 -709.017000
1186.021000 -722.344800 1220.907605 -706.136108 1174.420000 -713.099000
1192.784000 -726.294800 1227.875664 -710.090401 1180.990000 -717.199000
1199.585000 -730.258400 1234.655080 -713.878372 1187.620000 -721.300000
1206.417000 -734.212600 1240.752887 -717.715895 1194.280000 -725.401000
1213.283000 -738.159200 1248.757734 -722.184324 1200.920000 -729.467000
1220.173000 -742.105200 1255.479614 -725.848082 1207.590000 -733.526000
1227.101000 -746.027900 1262.290559 -729.516624 1214.270000 -737.564000
1234.074000 -749.929400 1268.999437 -733.079748 1221.050000 -741.616000
1241.082000 -753.823500 1275.737100 -736.616009 1227.800000 -745.633000
1248.123000 -757.717500 1282.993182 -740.501342 1234.620000 -749.665000
1255.209000 -761.611600 1290.124569 -744.261032 1241.420000 -753.668000
1262.318000 -765.501500 1297.340734 -748.056213 1248.320000 -757.652000
1269.473000 -769.393200 1303.653205 -751.328138 1255.340000 -761.717000
1276.670000 -773.287000 1311.304123 -755.335478 1262.290000 -765.697000
1283.885000 -777.170800 1318.261848 -758.910561 1269.290000 -769.635000
1291.103000 -781.040700 1325.843856 -762.807329 1276.320000 -773.643000
1298.329000 -784.899000 1332.833718 -766.367533 1283.350000 -777.659000
1305.561000 -788.742100 1340.090147 -770.065261 1290.440000 -781.631000
1312.794000 -792.571300 1347.800164 -774.061440 1297.520000 -785.592000
1320.032000 -796.384600 1355.178737 -777.797145 1304.590000 -789.569000
1327.287000 -800.172300 1362.188724 -781.329358 1311.760000 -793.550000
1334.542000 -803.950000 1369.765103 -785.147013 1318.840000 -797.438000
1341.797000 -807.723100 1376.550594 -788.533650 1325.930000 -801.364000
1349.058000 -811.481900 1384.035201 -792.262127 1332.960000 -805.217000
1356.319000 -815.232700 1390.894985 -795.670568 1340.010000 -809.095000
1363.568000 -818.960500 1398.239985 -799.303906 1347.130000 -812.946000
1370.797000 -822.663500 1405.629508 -802.943065 1354.260000 -816.792000
1378.014000 -826.342400 1412.548262 -806.308795 1361.340000 -820.630000
1385.241000 -830.002800 1420.052175 -809.980444 1368.400000 -824.441000
1392.473000 -833.639800 1427.379759 -813.512557 1375.500000 -828.216000
1399.712000 -837.258600 1434.488164 -816.916850 1382.530000 -831.955000
1406.940000 -840.856000 1441.889985 -820.459352 1389.550000 -835.647000
1414.145000 -844.419900 1449.279213 -823.978795 1396.570000 -839.317000
1421.338000 -847.958700 1456.455331 -827.363108 1403.550000 -842.945000
1428.540000 -851.473700 1463.720848 -830.768475 1410.490000 -846.550000
1435.735000 -854.974700 1470.817688 -834.063896 1417.510000 -850.170000
1442.936000 -858.462100 1478.144620 -837.472492 1424.470000 -853.739000
1450.116000 -861.922600 1484.821565 -840.525283 1431.390000 -857.298000
1457.288000 -865.353900 1491.863258 -843.756076 1438.370000 -860.865000
1464.432000 -868.758100 1499.021804 -847.032684 1445.330000 -864.375000
1471.550000 -872.135000 1506.048025 -850.219944 1452.270000 -867.871000
1478.642000 -875.485100 1513.048851 -853.382574 1459.180000 -871.378000
1485.696000 -878.796500 1520.307189 -856.657657 1466.040000 -874.868000
1492.712000 -882.085000 1527.339325 -859.815179 1472.880000 -878.358000
1499.686000 -885.346400 1534.432564 -863.018356 1479.690000 -881.789000
1506.608000 -888.579300 1541.308723 -866.092910 1486.310000 -885.200000
1513.510000 -891.787400 1548.119619 -869.139552 1493.080000 -888.602000
1520.388000 -894.966500 1554.897904 -872.138111 1499.750000 -891.997000
1527.242000 -898.117000 1561.776142 -875.168886 1506.370000 -895.351000
1534.067000 -901.240100 1568.479832 -878.095054 1513.000000 -898.688000
1540.873000 -904.334900 1575.388541 -881.123980 1519.600000 -901.961000
1547.641000 -907.393900 1582.126743 -884.024502 1526.160000 -905.229000
1554.374000 -910.425200 1588.812668 -886.901394 1532.630000 -908.464000
1561.071000 -913.426300 1595.507990 -889.766305 1539.120000 -911.683000
1567.716000 -916.424100 1602.103396 -892.609008 1545.610000 -914.933000
1574.331000 -919.426300 1608.718719 -895.473752 1552.020000 -918.144000
1580.910000 -922.431500 1615.225224 -898.313812 1558.440000 -921.390000
1587.477000 -925.449400 1621.531418 -901.083472 1564.820000 -924.625000
1593.998000 -928.484000 1628.089786 -904.009699 1571.120000 -927.874000
1600.456000 -931.552300 1634.830861 -907.107456 1577.320000 -931.116000
1606.851000 -934.653500 1640.946661 -909.953281 1583.440000 -934.429000
1613.177000 -937.795300 1647.512729 -913.097889 1589.530000 -937.818000
1619.446000 -940.960600 1653.617113 -916.026265 1595.620000 -941.257000
1625.639000 -944.138700 1659.783223 -919.161426 1601.580000 -944.667000
1631.780000 -947.302000 1666.303965 -922.354930 1607.520000 -948.118000
1637.876000 -950.461600 1672.278956 -925.332642 1613.400000 -951.529000
1643.920000 -953.598100 1678.454495 -928.405758 1619.250000 -954.932000
1649.931000 -956.702500 1684.487291 -931.429012 1625.070000 -958.295000
1655.907000 -959.742900 1690.520174 -934.319140 1630.870000 -961.602000
1661.857000 -962.732200 1696.433045 -937.225020 1636.620000 -964.822000
1667.828000 -965.652000 1702.500974 -940.128026 1642.410000 -967.983000
1673.786000 -968.517000 1708.318336 -942.734736 1648.190000 -971.092000
1679.740000 -971.331200 1714.313171 -945.469644 1653.980000 -974.137000
1685.682000 -974.128800 1720.307404 -948.218452 1659.730000 -977.181000
1691.585000 -976.910500 1726.215472 -950.869044 1665.480000 -980.241000
1697.460000 -979.678900 1732.141005 -953.531462 1671.190000 -983.295000
1703.321000 -982.431100 1738.016409 -956.196840 1676.870000 -986.294000
1709.144000 -985.145100 1743.883792 -958.786483 1682.540000 -989.278000
1714.950000 -987.831400 1749.761102 -961.429053 1688.160000 -992.191000
1720.748000 -990.466700 1755.637111 -963.907295 1693.740000 -995.024000
1726.528000 -993.063100 1761.421169 -966.259776 1699.380000 -997.886000
1732.261000 -995.615600 1767.197323 -968.712756 1704.940000 -1000.680000
1737.915000 -998.126400 1772.891924 -971.137305 1710.420000 -1003.440000
1743.475000 -1000.590000 1778.496952 -973.495173 1715.780000 -1006.120000
1748.971000 -1002.990000 1784.012129 -975.817334 1721.010000 -1008.730000
1754.388000 -1005.375000 1789.485377 -978.092697 1726.280000 -1011.340000
1759.751000 -1007.751000 1794.872752 -980.324103 1731.480000 -1013.940000
1764.998000 -1010.123000 1800.149040 -982.631673 1736.650000 -1016.550000
1770.113000 -1012.467000 1805.235175 -984.867284 1741.660000 -1019.110000
1775.097000 -1014.785000 1810.327214 -987.137974 1746.490000 -1021.640000
1779.954000 -1017.080000 1815.023800 -988.993617 1751.230000 -1024.110000
1784.649000 -1019.347000 1819.776734 -991.217534 1755.800000 -1026.560000
1789.178000 -1021.604000 1824.324001 -993.409197 1760.260000 -1028.990000
1793.508000 -1023.881000 1828.688865 -995.663568 1764.490000 -1031.440000
1797.645000 -1026.269000 1832.989827 -998.078023 1768.530000 -1033.980000
1801.573000 -1028.814000 1836.995503 -1000.633135 1772.370000 -1036.680000
1805.302000 -1031.525000 1840.781375 -1003.269622 1775.990000 -1039.530000
1808.823000 -1034.439000 1844.186635 -1005.836370 1779.410000 -1042.580000
1812.120000 -1037.563000 1847.288756 -1008.608790 1782.610000 -1045.820000
1815.169000 -1040.921000 1850.622739 -1012.097875 1785.550000 -1049.280000
1817.931000 -1044.484000 1853.519252 -1015.523203 1788.200000 -1052.960000
1820.326000 -1048.207000 1856.260911 -1019.400385 1790.520000 -1056.810000
1822.465000 -1052.152000 1858.096080 -1023.712360 1792.490000 -1060.810000
1824.255000 -1056.260000 1860.063187 -1027.578832 1794.110000 -1064.970000
1825.688000 -1060.491000 1861.592731 -1031.833798 1795.360000 -1069.230000
1826.758000 -1064.825000 1862.684114 -1036.179738 1796.250000 -1073.620000
1827.464000 -1069.230000 1863.631604 -1040.946505 1796.790000 -1078.060000
1827.812000 -1073.687000 1864.014845 -1045.405243 1796.960000 -1082.550000
1827.812000 -1078.165000 1864.127470 -1050.287291 1796.780000 -1087.050000
1827.468000 -1082.643000 1863.801100 -1054.827549 1796.260000 -1091.540000
1826.704000 -1087.072000 1863.116756 -1059.409244 1795.380000 -1096.010000
1825.633000 -1091.489000 1862.047815 -1063.964116 1794.130000 -1100.400000
1824.183000 -1095.811000 1860.571492 -1068.608535 1792.500000 -1104.660000
1822.357000 -1099.995000 1858.623791 -1073.148152 1790.490000 -1108.800000
1820.139000 -1103.994000 1855.766010 -1077.385093 1788.130000 -1112.760000
1817.589000 -1107.799000 1853.445013 -1081.891307 1785.420000 -1116.500000
1814.723000 -1111.351000 1847.591893 -1084.394491 1782.390000 -1119.990000
1811.551000 -1114.626000 1846.623497 -1089.456102 1779.040000 -1123.200000
1808.088000 -1117.606000 1842.706274 -1092.850835 1775.410000 -1126.090000
1804.284000 -1120.246000 1834.621785 -1094.112113 1771.510000 -1128.680000
1800.315000 -1122.623000 1833.819242 -1098.748125 1767.380000 -1130.940000
1796.124000 -1124.692000 1828.819839 -1101.091837 1763.000000 -1132.900000
1791.742000 -1126.471000 1823.957521 -1103.407387 1758.450000 -1134.550000
1787.194000 -1127.955000 1818.608109 -1105.180974 1753.730000 -1135.900000
1782.506000 -1129.180000 1812.230571 -1106.362900 1748.850000 -1136.990000
1777.702000 -1130.193000 1807.405943 -1107.923982 1743.910000 -1137.840000
1772.797000 -1131.038000 1801.639434 -1108.922229 1738.880000 -1138.500000
1767.796000 -1131.740000 1795.837759 -1109.813757 1733.710000 -1139.060000
1762.736000 -1132.348000 1789.801882 -1110.525665 1728.530000 -1139.510000
1757.655000 -1132.885000 1783.877548 -1111.254679 1723.360000 -1139.860000
1752.565000 -1133.366000 1777.466751 -1111.899891 1718.190000 -1140.160000
1747.458000 -1133.818000 1771.355949 -1112.521057 1713.000000 -1140.430000
1742.342000 -1134.251000 1763.754686 -1112.994519 1707.820000 -1140.690000
1737.220000 -1134.667000 1758.380402 -1113.743901 1702.630000 -1140.920000
1732.115000 -1135.064000 1750.073085 -1112.795309 1697.480000 -1141.130000
1727.075000 -1135.441000 1745.513423 -1114.859810 1692.420000 -1141.310000
1722.082000 -1135.788000 1738.646149 -1114.954574 1687.390000 -1141.470000
1717.161000 -1136.086000 1733.335229 -1115.675312 1682.450000 -1141.570000
1712.341000 -1136.271000 1727.512694 -1116.045920 1677.590000 -1141.580000
1707.613000 -1136.285000 1721.340604 -1116.012448 1672.830000 -1141.430000
1703.031000 -1136.085000 1715.711834 -1115.873842 1668.190000 -1141.050000
1698.586000 -1135.613000 1710.226329 -1115.457977 1663.680000 -1140.400000
1694.241000 -1134.791000 1704.079595 -1114.124343 1659.330000 -1139.440000
1689.991000 -1133.671000 1698.284280 -1112.523374 1655.090000 -1138.120000
1685.870000 -1132.171000 1693.049001 -1111.206664 1651.030000 -1136.420000
1681.961000 -1130.284000 1687.962432 -1108.157597 1647.180000 -1134.350000
1678.306000 -1127.996000 1684.600271 -1106.609233 1643.530000 -1131.870000
1674.826000 -1125.267000 1680.071253 -1103.114974 1640.250000 -1129.040000
1671.787000 -1122.274000 1676.837822 -1100.183957 1637.240000 -1125.860000
1669.099000 -1118.972000 1674.018755 -1096.764693 1634.630000 -1122.410000
1666.783000 -1115.408000 1671.433817 -1092.980630 1632.370000 -1118.660000
1664.817000 -1111.609000 1669.229163 -1088.953697 1630.530000 -1114.740000
1663.209000 -1107.637000 1667.313743 -1084.969237 1629.060000 -1110.660000
1661.958000 -1103.507000 1665.873247 -1080.617578 1627.910000 -1106.350000
1661.115000 -1099.284000 1664.925321 -1076.104973 1627.160000 -1101.930000
1660.724000 -1094.939000 1664.406703 -1071.516856 1626.910000 -1097.470000
1660.665000 -1090.516000 1664.359956 -1066.811426 1627.120000 -1093.000000
1661.140000 -1086.159000 1664.762577 -1062.051900 1627.770000 -1088.530000
1662.049000 -1081.841000 1665.401432 -1057.743837 1628.860000 -1084.040000
1663.374000 -1077.556000 1665.496199 -1055.158543 1630.390000 -1079.650000
1665.055000 -1073.325000 1666.652022 -1051.402065 1632.290000 -1075.290000
1667.040000 -1069.131000 1668.124344 -1047.919917 1634.500000 -1071.040000
1669.233000 -1064.989000 1669.245540 -1045.339230 1636.920000 -1066.860000
1671.640000 -1060.840000 1670.468784 -1042.972502 1639.520000 -1062.700000
1674.135000 -1056.683000 1671.982909 -1040.278795 1642.240000 -1058.510000
1676.716000 -1052.451000 1673.533162 -1037.663866 1645.040000 -1054.310000
1679.381000 -1048.145000 1674.691259 -1035.614604 1647.890000 -1050.010000
