-0.000000 0.000000 0.000342 -0.000403 0.000000 0.000000
-0.031067 2.888054 -0.007926 2.909450 -0.010497 2.851420
-0.064585 5.738958 -0.003036 5.726918 -0.008162 5.666550
-0.101303 8.535486 -0.022270 8.526430 -0.027239 8.434600
-0.142195 11.339520 -0.050566 11.351509 -0.049245 11.210700
-0.184906 14.041360 -0.080265 14.098044 -0.083731 13.935900
-0.236713 16.743090 -0.122548 16.817031 -0.122390 16.638300
-0.293743 19.414190 -0.183232 19.502237 -0.171677 19.310100
-0.351775 22.037930 -0.249697 22.162161 -0.230792 21.946200
-0.412104 24.615430 -0.316056 24.703369 -0.297589 24.502500
-0.469077 27.080370 -0.391575 27.184366 -0.381701 26.985400
-0.537729 29.454710 -0.475563 29.561734 -0.464408 29.355900
-0.609883 31.753310 -0.567724 31.890621 -0.554235 31.675000
-0.707028 33.962280 -0.665072 34.123167 -0.646829 33.899100
-0.822501 36.085730 -0.785379 36.254797 -0.747700 36.042500
-0.935694 38.111240 -0.905478 38.326138 -0.867060 38.090300
-1.022967 40.037480 -1.000678 40.279731 -0.963759 40.015100
-1.107347 41.890890 -1.092590 42.162057 -1.032230 41.896900
-1.156523 43.592390 -1.141032 43.886853 -1.081620 43.606600
-1.165281 45.110470 -1.154924 45.384793 -1.083240 45.144600
-1.139704 46.435620 -1.127699 46.790502 -1.059830 46.497000
-1.077742 47.567320 -1.066633 47.937939 -0.998183 47.648200
-1.006263 48.450880 -0.995999 48.868475 -0.922864 48.559600
-0.897746 49.232390 -0.878948 49.551417 -0.803874 49.361700
-0.757712 49.986150 -0.735570 50.471720 -0.660034 50.133800
-0.562625 50.707270 -0.537267 51.230240 -0.461166 50.869100
-0.317219 51.420200 -0.282758 51.975604 -0.202934 51.592800
0.000274 52.129820 0.039013 52.499896 0.126984 52.306100
0.427978 52.800310 0.506920 53.418516 0.567265 52.994100
0.965237 53.472800 1.110269 54.173617 1.116950 53.666400
1.658262 54.153430 1.865449 54.831960 1.808070 54.359300
2.612681 54.789880 2.683207 55.140076 2.718390 55.014800
3.766145 55.335410 4.115324 56.173645 3.880230 55.601900
5.103719 55.721430 5.609776 56.597585 5.238960 56.058500
6.612372 55.902800 7.273666 56.848489 6.746000 56.281400
8.209580 55.971350 9.065254 56.851385 8.359540 56.377000
9.933246 55.981820 10.898197 56.883526 10.083600 56.384700
11.755010 55.963040 12.870666 56.773853 11.912600 56.352400
13.673080 55.883300 14.959221 56.733882 13.834300 56.292200
15.697980 55.779010 17.047920 56.591789 15.901800 56.215700
17.784720 55.672100 19.238931 56.526898 18.032900 56.134400
19.978240 55.590270 20.352893 56.265096 20.260000 56.074600
22.167140 55.510110 23.807323 56.375476 22.465300 56.023600
24.373310 55.484540 26.231662 56.372225 24.707800 56.014700
26.568060 55.472620 28.249448 56.309878 26.930900 56.020400
28.777650 55.510270 30.516836 56.340065 29.179500 56.050100
30.985590 55.548590 31.712327 56.278421 31.445900 56.089100
33.207400 55.613480 34.744573 56.407790 33.713100 56.167900
35.442520 55.709300 37.178080 56.517778 35.985300 56.265500
37.704740 55.826600 39.267083 56.624724 38.274600 56.381000
40.002200 55.976310 41.527054 56.779839 40.602200 56.546700
42.339510 56.141300 43.754402 56.944111 42.936100 56.723600
44.713720 56.343910 46.117976 57.148870 45.333700 56.923100
47.122240 56.605330 48.496158 57.415035 47.691100 57.191600
49.540680 56.921620 50.955016 57.736751 50.143900 57.504000
51.989070 57.297260 53.257264 58.097428 52.575200 57.879700
54.343180 57.698510 55.638958 58.511666 54.932500 58.279100
56.645460 58.120330 57.479377 58.909435 57.265400 58.722000
58.876010 58.567270 59.617128 59.368110 59.509700 59.176200
61.013190 59.021080 61.679889 59.821687 61.656800 59.635500
63.055930 59.468430 63.777968 60.286087 63.703700 60.088400
65.032810 59.902180 65.722834 60.725888 65.706600 60.528400
66.922080 60.298360 67.582864 61.130472 67.601500 60.941400
68.724720 60.677920 69.609694 61.537429 69.424200 61.328000
70.449950 61.033000 71.626852 61.927579 71.176300 61.683900
72.086540 61.346730 73.063643 62.224647 72.828500 61.991600
73.701140 61.657010 74.792740 62.535192 74.473700 62.291900
75.335240 61.944750 76.557922 62.858622 76.121400 62.586000
76.992600 62.291350 78.120689 63.182141 77.804900 62.930400
78.692590 62.691950 80.036168 63.634854 79.528000 63.365900
80.453400 63.179850 81.797933 64.124593 81.264000 63.847300
82.265790 63.740490 83.599846 64.683316 83.087200 64.399200
84.194030 64.399810 85.578011 65.363950 85.008300 65.069000
86.224450 65.153770 87.507909 66.098418 87.015200 65.806300
88.357870 65.993410 89.644863 66.934582 89.112000 66.623700
90.502450 66.907090 91.699185 67.827429 91.236200 67.522900
92.609040 67.903710 93.797997 68.782715 93.352100 68.486400
94.633120 68.920130 95.784192 69.759904 95.385400 69.467300
96.583420 69.912990 97.776977 70.748716 97.364800 70.440900
98.435050 70.883890 99.499483 71.677233 99.261900 71.403400
100.212200 71.816210 101.304808 72.602650 101.069000 72.332500
101.905500 72.735820 103.041675 73.516175 102.780000 73.221500
103.511500 73.620900 104.696738 74.388740 104.409000 74.092800
105.060100 74.482340 106.190104 75.221289 105.963000 74.925300
106.565000 75.343110 107.679176 76.054390 107.483000 75.795200
108.028900 76.228830 109.138060 76.935215 108.926000 76.663200
109.484600 77.160920 110.681069 77.891975 110.370000 77.581800
111.012500 78.171090 112.092307 78.889769 111.861000 78.592000
112.582900 79.246780 113.846825 80.038399 113.399000 79.679800
114.228600 80.425890 115.275830 81.155310 114.994000 80.854400
115.947600 81.729260 117.074432 82.473939 116.677000 82.136500
117.700100 83.151090 118.756465 83.899989 118.408000 83.582000
119.523000 84.685210 120.682079 85.471367 120.210000 85.105000
121.433400 86.292660 122.558171 87.066179 122.088000 86.716400
123.377700 87.978210 124.577075 88.784474 124.024000 88.412900
125.311100 89.753620 126.526949 90.580855 125.930000 90.163600
127.275600 91.596860 128.433637 92.402441 127.880000 92.002600
129.224500 93.463900 130.366380 94.247855 129.850000 93.897000
131.149100 95.403230 132.322874 96.208940 131.779000 95.783100
133.059000 97.419260 134.208435 98.201519 133.677000 97.750700
134.953900 99.488560 136.132272 100.288428 135.577000 99.801700
136.852800 101.578900 138.002679 102.360972 137.478000 101.861000
138.768400 103.700800 139.808813 104.385658 139.362000 103.959000
140.668600 105.771500 141.647914 106.424185 141.268000 106.068000
142.593300 107.805600 143.559047 108.470502 143.188000 108.093000
144.499400 109.783900 145.492632 110.501805 145.073000 110.080000
146.448400 111.754000 147.404857 112.444207 146.990000 112.036000
148.396300 113.639400 149.407240 114.378674 148.932000 113.914000
150.376300 115.438400 151.452594 116.293769 150.885000 115.777000
152.404100 117.222400 153.300584 118.022823 152.880000 117.610000
154.478600 118.989300 155.523485 119.974989 154.916000 119.409000
156.645400 120.724500 157.589606 121.705198 157.046000 121.189000
158.905800 122.432200 159.723458 123.388321 159.244000 122.915000
161.194700 124.063600 162.019946 125.073963 161.515000 124.590000
163.498700 125.601900 164.332933 126.697420 163.807000 126.198000
165.800800 127.092000 166.608291 128.200494 166.087000 127.710000
168.046900 128.527100 168.850177 129.661363 168.293000 129.131000
170.193100 129.881700 171.019846 131.036109 170.465000 130.509000
172.320500 131.175000 173.126528 132.299646 172.612000 131.792000
174.354500 132.418200 175.174255 133.541071 174.660000 133.045000
176.353200 133.630800 177.155044 134.713365 176.688000 134.254000
178.293700 134.777800 179.123151 135.871089 178.623000 135.396000
180.174800 135.863800 181.087195 136.997717 180.532000 136.480000
181.990300 136.890800 182.926694 138.020546 182.403000 137.520000
183.746700 137.844100 184.732530 138.991860 184.196000 138.477000
185.502900 138.752600 186.434037 139.839578 185.968000 139.385000
187.316700 139.650000 188.289871 140.753952 187.826000 140.293000
189.197800 140.526600 190.238049 141.664704 189.707000 141.177000
191.166700 141.381000 192.219772 142.516010 191.684000 142.022000
193.245000 142.204500 194.316766 143.346228 193.788000 142.864000
195.460000 143.026300 196.549288 144.178553 196.001000 143.692000
197.772100 143.833600 198.816996 144.953709 198.298000 144.508000
200.145100 144.607400 201.148765 145.688014 200.680000 145.278000
202.692400 145.397600 203.658713 146.470589 203.215000 146.057000
205.249500 146.171900 206.264079 147.282738 205.771000 146.863000
207.860900 146.926000 208.913714 148.053404 208.400000 147.640000
210.549200 147.643600 211.810801 148.884153 211.114000 148.375000
213.300400 148.348200 214.618241 149.590733 213.877000 149.086000
216.084100 149.048900 217.523054 150.334726 216.680000 149.792000
218.860300 149.726200 220.338607 151.023828 219.488000 150.479000
221.644800 150.382100 223.180080 151.694707 222.306000 151.142000
224.412100 151.021800 226.016289 152.351875 225.078000 151.786000
227.167600 151.643200 228.717752 152.924869 227.882000 152.423000
229.918900 152.230300 231.525253 153.527791 230.680000 153.020000
232.689500 152.785800 234.281971 154.060646 233.463000 153.581000
235.449300 153.313200 236.902979 154.550330 236.236000 154.098000
238.199800 153.803200 239.717333 155.053002 239.009000 154.605000
240.934200 154.256400 242.243650 155.452710 241.770000 155.075000
243.668800 154.668400 245.073243 155.893317 244.530000 155.506000
246.368400 155.041200 247.981392 156.366869 247.250000 155.889000
249.069800 155.358200 250.600734 156.632325 249.976000 156.225000
251.725900 155.632800 253.404780 156.992127 252.616000 156.518000
254.402400 155.881300 255.907068 157.192111 255.301000 156.775000
257.042800 156.089700 258.595611 157.426825 257.947000 156.990000
259.660100 156.224000 261.202659 157.573308 260.568000 157.140000
262.271700 156.315800 263.831727 157.667372 263.195000 157.236000
264.865700 156.356900 266.722935 157.797492 265.805000 157.278000
267.459400 156.359600 269.359398 157.803105 268.436000 157.283000
270.039500 156.343700 271.874280 157.806190 271.034000 157.274000
272.588200 156.330000 274.662073 157.841548 273.589000 157.262000
275.056200 156.330100 277.167071 157.850058 276.078000 157.261000
277.448400 156.359600 279.517076 157.861682 278.497000 157.296000
279.738200 156.429500 281.587780 157.867273 280.782000 157.368000
281.938200 156.520200 283.954894 158.003619 283.003000 157.453000
284.012100 156.634000 285.947722 158.082541 285.098000 157.556000
285.967000 156.761600 287.911587 158.212046 287.077000 157.684000
287.810800 156.898300 289.802038 158.341969 288.919000 157.823000
289.549300 157.041600 291.511109 158.486873 290.648000 157.970000
291.199000 157.180400 293.226830 158.646702 292.304000 158.123000
292.759600 157.324200 294.763539 158.800000 293.859000 158.285000
294.237400 157.467800 296.368154 158.978550 295.323000 158.448000
295.702000 157.617000 297.734512 159.116529 296.807000 158.607000
297.209000 157.765400 299.237098 159.272135 298.292000 158.757000
298.767900 157.889400 300.915331 159.428669 299.858000 158.893000
300.432800 158.016900 302.515312 159.549979 301.528000 159.033000
302.189300 158.141600 304.277426 159.678166 303.284000 159.168000
304.038500 158.267800 306.191537 159.811602 305.153000 159.285000
305.995200 158.405700 308.147813 159.960655 307.117000 159.431000
308.048700 158.531900 310.241267 160.102943 309.185000 159.566000
310.174500 158.661100 312.445973 160.263019 311.317000 159.693000
312.381400 158.771100 314.647906 160.362434 313.526000 159.807000
314.676200 158.867600 316.972138 160.467067 315.815000 159.909000
317.037300 158.975500 319.353004 160.580402 318.186000 160.020000
319.477900 159.096700 321.815399 160.709393 320.634000 160.145000
321.983300 159.231700 324.320709 160.857819 323.144000 160.284000
324.556700 159.385400 326.962348 161.010461 325.715000 160.448000
327.199000 159.561700 329.596550 161.192253 328.359000 160.631000
329.888000 159.763100 332.174004 161.398704 331.055000 160.841000
332.606500 159.992500 334.984482 161.627497 333.807000 161.090000
335.346200 160.242300 337.666719 161.888765 336.589000 161.343000
338.087800 160.502200 340.462680 162.149156 339.373000 161.608000
340.808300 160.751300 343.182185 162.409833 342.134000 161.870000
343.520500 160.989100 345.993497 162.673426 344.862000 162.137000
346.223500 161.227200 348.701118 162.935698 347.578000 162.404000
348.906500 161.474100 351.439310 163.196189 350.258000 162.667000
351.590100 161.717700 354.121670 163.454346 352.959000 162.940000
354.273100 161.969400 356.859154 163.747613 355.636000 163.226000
356.966000 162.239900 359.539264 164.068787 358.322000 163.548000
359.666600 162.550200 362.194790 164.439238 361.002000 163.914000
362.375700 162.896300 364.856608 164.853771 363.679000 164.329000
365.062800 163.323000 367.551350 165.338812 366.299000 164.810000
367.727000 163.850800 370.232078 165.912375 368.943000 165.367000
370.348600 164.475400 372.856906 166.540477 371.573000 165.998000
372.964400 165.138700 375.523418 167.213207 374.211000 166.669000
375.599800 165.826700 378.146402 167.921406 376.841000 167.385000
378.229900 166.566100 380.811526 168.678851 379.489000 168.143000
380.801800 167.357500 383.415550 169.459831 382.096000 168.932000
383.318400 168.171800 386.048869 170.274063 384.646000 169.747000
385.808200 169.013900 388.493198 171.113617 387.168000 170.581000
388.246500 169.856400 390.969800 171.943797 389.643000 171.423000
390.650800 170.695000 393.421479 172.781951 392.103000 172.258000
393.014800 171.503500 395.807210 173.595128 394.492000 173.052000
395.404400 172.284100 398.211617 174.370117 396.874000 173.832000
397.780400 173.063700 400.749636 175.173754 399.291000 174.620000
400.205400 173.874000 403.187689 176.005766 401.737000 175.434000
402.725900 174.699400 405.702618 176.841057 404.261000 176.256000
405.238700 175.529800 408.252782 177.634253 406.861000 177.102000
407.810400 176.369600 410.975167 178.540105 409.496000 177.955000
410.380800 177.246300 412.593294 179.145022 412.095000 178.822000
412.944100 178.091800 416.299653 180.299036 414.663000 179.699000
415.502100 178.907300 418.869664 181.157990 417.219000 180.552000
417.987000 179.722000 421.266993 181.966616 419.722000 181.400000
420.400700 180.499000 423.352793 182.692229 422.116000 182.214000
422.723500 181.229600 425.837292 183.499098 424.443000 182.975000
424.970600 181.953100 427.172325 184.007501 426.696000 183.722000
427.191300 182.654700 430.356980 184.970573 428.935000 184.441000
429.364900 183.330700 432.584149 185.678056 431.133000 185.155000
431.542400 184.015100 434.728781 186.366312 433.330000 185.837000
433.709700 184.706100 436.929390 187.080713 435.500000 186.545000
435.894400 185.396800 439.030439 187.773809 437.707000 187.251000
437.987000 186.094800 441.164311 188.458777 439.829000 187.952000
439.976500 186.775400 442.262832 188.904431 441.860000 188.647000
441.889500 187.423200 444.959189 189.769022 443.785000 189.308000
443.709700 188.041300 446.820347 190.426021 445.606000 189.946000
445.449300 188.641500 448.462016 190.989286 447.368000 190.555000
447.056300 189.201200 450.101431 191.571693 449.016000 191.143000
448.590500 189.739900 451.667156 192.124294 450.583000 191.693000
450.015000 190.249300 452.445279 192.474156 452.023000 192.218000
451.352700 190.721500 454.175301 193.052147 453.387000 192.702000
452.596100 191.161200 455.440983 193.516972 454.614000 193.156000
453.710200 191.550200 456.591004 193.921616 455.766000 193.555000
454.731200 191.911400 457.343243 194.211169 456.807000 193.918000
455.653200 192.246800 458.254838 194.519243 457.756000 194.255000
456.505300 192.533700 459.127070 194.813035 458.620000 194.548000
457.319300 192.826200 459.972027 195.100967 459.464000 194.838000
458.109900 193.111500 460.786123 195.382507 460.264000 195.126000
458.896600 193.410900 461.490713 195.632304 461.064000 195.421000
459.697700 193.760100 462.260184 195.977020 461.864000 195.756000
460.531700 194.165900 463.102682 196.364550 462.712000 196.159000
461.370300 194.631800 463.961294 196.792424 463.536000 196.586000
462.158600 195.139900 464.759761 197.300512 464.322000 197.087000
462.899600 195.612800 465.478073 197.772238 465.064000 197.570000
463.586200 195.962000 466.143538 198.146545 465.766000 197.934000
464.354300 196.273600 466.849096 198.444468 466.486000 198.247000
465.139400 196.550800 467.624432 198.710653 467.248000 198.504000
465.948600 196.799800 468.450477 198.958794 468.045000 198.732000
466.714000 197.006300 469.228613 199.186418 468.826000 198.980000
467.409700 197.209000 469.918366 199.393959 469.504000 199.162000
468.004600 197.427000 470.514736 199.629734 470.101000 199.389000
468.491000 197.643300 471.010378 199.877034 470.589000 199.628000
468.884200 197.788300 471.410172 200.054968 470.980000 199.811000
469.204000 197.984300 471.719851 200.278736 471.283000 200.044000
469.473000 198.134800 471.993562 200.468043 471.555000 200.232000
469.708700 198.262200 472.220114 200.637404 471.780000 200.403000
469.857800 198.400100 472.367673 200.796046 471.928000 200.568000
469.984600 198.505100 472.495154 200.910326 472.052000 200.675000
470.093200 198.600100 472.614049 201.007377 472.167000 200.777000
