-0.000000 0.000000 0.000051 -0.000250 0.000000 0.000000
0.002038 3.941730 -0.012910 3.998337 -0.014056 3.929330
0.007571 7.908775 -0.030835 8.014977 -0.030791 7.898770
0.006781 11.904260 -0.057162 12.068716 -0.052305 11.917800
-0.005852 15.930660 -0.092969 16.165739 -0.093173 15.948300
0.005006 19.986700 -0.101360 20.264379 -0.109020 20.006500
-0.007369 24.072100 -0.135897 24.368047 -0.137327 24.095800
0.001962 28.194720 -0.142431 28.507329 -0.138597 28.202000
0.006827 32.335310 -0.162565 32.562922 -0.157931 32.333800
0.012119 36.507890 -0.173712 36.726166 -0.168672 36.492700
0.019429 40.704370 -0.188546 41.026711 -0.185915 40.689000
0.026224 44.928210 -0.207207 45.323874 -0.189981 44.936600
0.033592 49.179630 -0.237321 49.500063 -0.194156 49.181400
0.025370 53.457160 -0.265079 53.890882 -0.229785 53.431400
0.013229 57.745500 -0.305981 58.162182 -0.267686 57.697700
0.002764 62.027950 -0.343195 62.459201 -0.297147 61.979900
-0.005954 66.289400 -0.377272 66.773798 -0.319018 66.200600
-0.027023 70.530000 -0.417180 71.077301 -0.367464 70.400700
-0.046776 74.742450 -0.468829 75.345766 -0.395741 74.600600
-0.052873 78.934960 -0.498412 79.527261 -0.424572 78.755200
-0.048388 83.097210 -0.509439 83.606505 -0.421027 82.898000
-0.075180 87.250150 -0.531191 87.882318 -0.423924 87.008800
-0.111047 91.375240 -0.558160 92.014849 -0.460059 91.103700
-0.169705 95.460760 -0.588688 96.009164 -0.484322 95.186900
-0.234406 99.515130 -0.642629 100.209760 -0.533409 99.215300
-0.286760 103.545900 -0.689086 104.191480 -0.578641 103.227000
-0.334309 107.565300 -0.715438 108.237124 -0.614542 107.195000
-0.394315 111.576600 -0.763237 112.324269 -0.633612 111.180000
-0.429590 115.560100 -0.792529 116.120968 -0.668755 115.154000
-0.430614 119.561300 -0.805257 120.354118 -0.677783 119.158000
-0.456074 123.624200 -0.813473 124.520247 -0.678910 123.182000
-0.470849 127.692500 -0.799410 128.544195 -0.665894 127.211000
-0.470125 131.755700 -0.772674 132.550388 -0.637832 131.277000
-0.466120 135.814600 -0.722486 136.402018 -0.602290 135.342000
-0.464181 139.862600 -0.701134 140.710740 -0.570416 139.399000
-0.474702 143.909900 -0.682240 144.748808 -0.557646 143.418000
-0.484415 147.953800 -0.653732 148.809383 -0.547217 147.467000
-0.497985 151.991700 -0.669000 152.719101 -0.526648 151.517000
-0.518837 156.032900 -0.652240 156.860796 -0.526735 155.533000
-0.490889 160.078600 -0.638018 160.939848 -0.508415 159.575000
-0.476780 164.129500 -0.658036 164.974531 -0.507664 163.627000
-0.449484 168.200000 -0.657652 169.123154 -0.485103 167.684000
-0.411154 172.284100 -0.657767 173.283538 -0.504563 171.729000
-0.358878 176.408600 -0.695764 177.498657 -0.505386 175.832000
-0.313655 180.542000 -0.672831 181.617326 -0.485926 179.998000
-0.318656 184.703900 -0.719833 185.842173 -0.500380 184.175000
-0.308933 188.900300 -0.749169 190.168320 -0.520890 188.379000
-0.300756 193.121300 -0.760977 194.343422 -0.524902 192.680000
-0.295505 197.380900 -0.768390 198.566199 -0.502365 196.971000
-0.332199 201.657300 -0.806668 202.363449 -0.522540 201.262000
-0.348136 205.970400 -0.814888 206.961410 -0.527638 205.592000
-0.342964 210.323200 -0.801552 211.483638 -0.512353 209.970000
-0.357581 214.714200 -0.827357 215.782134 -0.521177 214.377000
-0.360488 219.141900 -0.840899 220.240401 -0.524397 218.791000
-0.375507 223.589400 -0.874042 224.844451 -0.536010 223.239000
-0.378527 228.060200 -0.894910 229.206365 -0.547666 227.725000
-0.374570 232.542100 -0.909222 233.887685 -0.549716 232.236000
-0.378408 237.044600 -0.925652 238.401365 -0.558954 236.758000
-0.382092 241.571200 -0.955973 242.921531 -0.574065 241.302000
-0.377078 246.123100 -0.979339 247.354154 -0.567836 245.840000
-0.365894 250.696400 -0.998141 251.573786 -0.555571 250.429000
-0.356528 255.288500 -1.007098 256.516038 -0.563630 255.015000
-0.340799 259.900300 -0.999457 261.245973 -0.549770 259.628000
-0.325374 264.511300 -1.019527 265.635527 -0.543076 264.294000
-0.317394 269.137700 -1.031746 270.001345 -0.510065 268.989000
-0.314040 273.764900 -1.035947 274.861119 -0.493015 273.641000
-0.306203 278.395200 -1.030867 279.294629 -0.444355 278.294000
-0.276490 283.049800 -1.003831 284.064753 -0.400246 282.978000
-0.230158 287.699900 -0.966038 288.714394 -0.327855 287.674000
-0.192693 292.369200 -0.941009 293.447308 -0.287269 292.320000
-0.168171 297.072300 -0.911511 298.318488 -0.227814 297.018000
-0.143657 301.821100 -0.919997 303.002452 -0.201822 301.761000
-0.111308 306.608600 -0.896725 307.852977 -0.171606 306.529000
-0.093249 311.433100 -0.897091 312.632012 -0.136902 311.349000
-0.107981 316.295300 -0.893529 317.552564 -0.124387 316.210000
-0.103970 321.182300 -0.889859 322.632313 -0.115014 321.072000
-0.096484 326.068200 -0.879142 327.802562 -0.110597 325.932000
-0.074427 330.950800 -0.852639 332.746808 -0.101517 330.763000
-0.054350 335.802400 -0.847548 337.492669 -0.095042 335.603000
-0.042570 340.628700 -0.867325 341.995710 -0.089100 340.428000
-0.035147 345.452500 -0.873449 347.192448 -0.094698 345.226000
-0.041563 350.253200 -0.910245 352.062887 -0.124054 349.999000
-0.075066 355.037900 -0.949995 356.936056 -0.148481 354.782000
-0.109101 359.812500 -0.971737 361.760109 -0.172876 359.575000
-0.141995 364.586700 -1.006375 366.445647 -0.190632 364.379000
-0.185891 369.386600 -1.046152 371.075792 -0.213994 369.190000
-0.237813 374.225300 -1.087734 375.891040 -0.238090 373.976000
-0.270401 378.992900 -1.105589 380.687258 -0.244048 378.806000
-0.296087 383.840800 -1.164634 385.614567 -0.295305 383.667000
-0.316454 388.685700 -1.198699 390.511783 -0.296711 388.521000
-0.323790 393.557900 -1.221615 395.483602 -0.298731 393.391000
