0.000000 0.000000 -0.000049 -0.003334 0.000000 0.000000
-0.007832 1.689225 -0.009559 1.702662 -0.009038 1.684790
-0.029694 3.390281 -0.024086 3.417970 -0.028693 3.382610
-0.070081 5.150463 -0.061341 5.158603 -0.060593 5.150480
-0.123858 6.989627 -0.101628 7.068735 -0.109322 6.997950
-0.184475 8.978383 -0.161877 9.090746 -0.158111 8.981760
-0.253794 11.064230 -0.231242 11.168421 -0.220193 11.064200
-0.296212 13.335200 -0.295664 13.477321 -0.281255 13.343600
-0.345120 15.748820 -0.366332 15.878831 -0.348294 15.762500
-0.368644 18.288060 -0.438012 18.405850 -0.408418 18.332900
-0.406558 20.990620 -0.513540 21.197845 -0.486533 21.080300
-0.450732 23.849210 -0.600238 24.029370 -0.556871 23.935200
-0.505576 26.794890 -0.689319 27.004725 -0.648034 26.886000
-0.567916 29.817300 -0.774745 30.041282 -0.736247 29.910600
-0.634186 32.902500 -0.865041 33.169675 -0.825888 33.008500
-0.704629 36.067260 -0.959151 36.384019 -0.919792 36.182800
-0.763742 39.276990 -1.074053 39.594852 -1.020780 39.417100
-0.840559 42.506460 -1.180167 42.915283 -1.142750 42.694600
-0.944805 45.707290 -1.307241 46.176113 -1.250120 45.914700
-1.050114 48.934630 -1.433347 49.472277 -1.348770 49.201900
-1.142897 52.159540 -1.549962 52.801032 -1.458920 52.483800
-1.248790 55.372460 -1.660558 56.051692 -1.570650 55.751200
-1.352181 58.600620 -1.758420 59.362277 -1.671420 59.020300
-1.444555 61.847430 -1.856504 62.713339 -1.761040 62.299100
-1.528092 65.085270 -1.964944 65.978384 -1.868550 65.564100
-1.623511 68.349680 -2.077106 69.193964 -1.999730 68.860400
-1.697570 71.605970 -2.178427 72.590648 -2.092830 72.153200
-1.784427 74.842930 -2.275380 75.896036 -2.192560 75.439300
-1.892754 78.044640 -2.386560 79.162888 -2.296350 78.679600
-2.009246 81.241000 -2.516296 82.303725 -2.416840 81.918600
-2.118145 84.381460 -2.628413 85.623959 -2.549830 85.101600
-2.224921 87.410700 -2.750015 88.740267 -2.649630 88.163000
-2.344772 90.265560 -2.876013 91.650559 -2.775080 91.038700
-2.486719 92.915770 -3.026560 94.369792 -2.916920 93.725600
-2.649588 95.352060 -3.186753 96.769143 -3.080680 96.176500
-2.827593 97.533080 -3.369596 99.164969 -3.246140 98.364900
-2.992555 99.437370 -3.523226 100.933512 -3.414280 100.300000
-3.132396 101.119600 -3.661001 102.649094 -3.554100 101.989000
-3.196722 102.604300 -3.719101 104.288048 -3.612110 103.502000
-3.182672 103.907400 -3.691005 105.612249 -3.588890 104.823000
-3.061832 105.116200 -3.572214 106.782069 -3.454510 106.041000
-2.813888 106.240500 -3.328199 108.044311 -3.216910 107.134000
-2.431748 107.285400 -2.953101 109.087669 -2.837990 108.184000
-1.921488 108.234600 -2.455780 110.026982 -2.355630 109.130000
-1.282825 109.049600 -1.834038 110.887580 -1.714210 109.958000
-0.530716 109.791000 -1.057474 111.573318 -0.954891 110.748000
0.374458 110.404000 -0.090797 112.096773 -0.020443 111.364000
1.408134 110.856700 0.914658 112.416353 1.030990 111.854000
2.533142 111.185100 2.170725 112.823217 2.165560 112.194000
3.783818 111.364400 3.281506 112.890532 3.425920 112.349000
5.173439 111.489500 4.892370 113.073921 4.876110 112.477000
6.728517 111.518300 6.562957 113.093912 6.400760 112.489000
8.447661 111.482200 8.321835 113.059175 8.164980 112.462000
10.365340 111.411600 10.377241 112.971163 10.085900 112.399000
12.440570 111.376600 12.511439 112.935985 12.162400 112.360000
14.658270 111.336300 14.766688 112.879045 14.408500 112.326000
16.980990 111.294300 17.236726 112.824366 16.739400 112.289000
19.371510 111.225100 19.661421 112.740990 19.146600 112.224000
21.827520 111.168600 22.267769 112.677533 21.629500 112.162000
24.338230 111.128000 24.686856 112.612067 24.162100 112.098000
26.865460 111.086600 27.344792 112.541424 26.719000 112.039000
29.340250 111.018500 29.694866 112.467001 29.211100 111.949000
31.824380 110.949500 32.304780 112.384808 31.715700 111.885000
34.255590 110.895700 34.807552 112.318420 34.168300 111.829000
36.655720 110.832300 37.282613 112.241457 36.605300 111.761000
39.023530 110.760300 39.635535 112.153222 38.995900 111.669000
41.348270 110.661800 41.794917 112.043338 41.341000 111.567000
43.625630 110.563400 44.266057 111.932485 43.620100 111.471000
45.778700 110.472200 46.478295 111.824858 45.776500 111.377000
47.871130 110.381700 48.567655 111.715820 47.874900 111.273000
49.939530 110.289100 50.699087 111.610259 49.932900 111.173000
51.971720 110.194600 52.721245 111.504646 51.968600 111.070000
53.966400 110.084400 54.564855 111.395588 53.972800 110.953000
55.968740 109.922700 56.733965 111.214403 55.993800 110.781000
58.012520 109.724900 58.847896 111.009765 58.073400 110.594000
60.142410 109.502900 61.014425 110.775821 60.209000 110.366000
62.329410 109.265100 63.239181 110.521039 62.406500 110.135000
64.563430 109.013700 65.537964 110.261015 64.614100 109.868000
66.805840 108.790700 67.825158 110.001129 66.858300 109.615000
69.024790 108.566800 70.050879 109.743431 69.080500 109.364000
71.274060 108.316000 72.294612 109.463594 71.317200 109.088000
73.551630 108.056300 74.450480 109.178021 73.594500 108.807000
75.878910 107.783000 76.996385 108.871276 75.942700 108.521000
78.249380 107.482800 79.322657 108.543046 78.311500 108.192000
80.656160 107.159100 81.780933 108.191372 80.735900 107.851000
83.128450 106.823200 84.200163 107.818495 83.220400 107.490000
85.650170 106.498800 86.751054 107.454595 85.764000 107.164000
88.195570 106.179900 89.280908 107.121012 88.315400 106.828000
90.756270 105.878900 91.854831 106.784571 90.874000 106.506000
93.347120 105.574100 94.372007 106.464934 93.466200 106.186000
95.936460 105.267700 97.180200 106.126990 96.064800 105.864000
98.498850 104.969700 99.831411 105.806289 98.635500 105.556000
101.043100 104.696300 102.406587 105.517383 101.194000 105.285000
103.535900 104.414000 104.953938 105.211089 103.719000 104.985000
105.990700 104.117400 107.158686 104.922544 106.193000 104.676000
108.401400 103.830100 109.805908 104.596716 108.613000 104.384000
110.756600 103.530500 112.093395 104.281159 110.978000 104.068000
113.078300 103.210700 114.436915 103.936720 113.304000 103.726000
115.356600 102.887000 116.645533 103.605103 115.592000 103.388000
117.639100 102.533100 118.959754 103.228215 117.880000 103.040000
119.873200 102.178000 121.197059 102.861487 120.143000 102.663000
122.079200 101.811900 123.566350 102.454315 122.374000 102.283000
124.272600 101.407700 125.794409 102.033886 124.593000 101.868000
126.424700 100.975200 127.869003 101.603314 126.768000 101.427000
128.537100 100.456100 130.044594 101.060224 128.884000 100.892000
130.617700 99.856810 132.163025 100.429658 130.992000 100.291000
132.667800 99.216070 134.247416 99.765907 133.052000 99.630000
134.687400 98.553530 136.280819 99.088996 135.067000 98.945200
136.660100 97.926510 138.284254 98.461007 137.051000 98.328100
138.607400 97.314350 140.244240 97.845130 138.990000 97.717700
140.503400 96.738880 142.098823 97.287543 140.892000 97.145500
142.369000 96.204360 143.961870 96.760976 142.753000 96.617500
144.202100 95.695640 145.824988 96.249237 144.590000 96.114400
145.980300 95.244100 147.585244 95.796724 146.355000 95.664300
147.725300 94.841610 149.342144 95.388649 148.104000 95.279700
149.451200 94.497860 151.076469 95.047615 149.833000 94.942300
151.160400 94.251030 152.796263 94.809094 151.517000 94.712300
152.853900 94.142140 154.362575 94.746830 153.210000 94.628000
154.532700 94.132680 156.123118 94.732337 154.871000 94.631000
156.196500 94.120650 157.735035 94.715021 156.515000 94.592600
157.821400 94.007330 159.466821 94.573074 158.137000 94.464300
159.401200 93.838200 160.956989 94.398820 159.712000 94.285200
160.938600 93.578160 162.561231 94.120343 161.245000 94.018200
162.417600 93.276270 164.124710 93.784480 162.746000 93.698900
163.854200 92.938740 165.621158 93.421317 164.189000 93.350600
165.277700 92.622550 167.057661 93.069696 165.611000 93.003700
166.674900 92.299640 168.450588 92.724411 167.025000 92.666000
168.125300 91.946090 169.921288 92.340773 168.472000 92.287100
169.638900 91.526300 171.458046 91.899142 170.001000 91.847300
171.214100 91.062420 173.057366 91.406850 171.583000 91.367800
172.836600 90.569120 174.698746 90.880823 173.222000 90.850900
174.480800 90.035230 176.372644 90.330106 174.894000 90.309100
176.115700 89.513510 178.095419 89.765725 176.545000 89.773900
177.736600 89.009020 179.735253 89.228960 178.193000 89.250700
179.315600 88.539550 181.347137 88.723544 179.803000 88.748000
180.808000 88.123170 182.830549 88.271064 181.309000 88.303900
182.185700 87.753480 184.222735 87.876865 182.694000 87.912200
183.432400 87.482040 185.467820 87.568657 183.947000 87.617100
184.623100 87.293670 186.649985 87.341316 185.148000 87.430900
185.803900 87.231550 187.814881 87.223083 186.321000 87.347500
186.952000 87.297830 188.989286 87.295769 187.418000 87.426900
188.068600 87.451920 189.552060 87.661032 188.548000 87.573700
189.154900 87.728640 191.117942 87.790343 189.652000 87.837800
190.233600 88.157250 191.620518 88.359990 190.724000 88.270100
191.320100 88.781620 193.287447 88.893331 191.761000 88.871300
192.410500 89.600550 194.378657 89.723873 192.856000 89.696900
193.454200 90.684490 195.321635 90.827726 193.876000 90.768500
194.437900 91.988930 196.232525 92.152793 194.867000 92.038300
195.378100 93.548950 197.244763 93.807469 195.806000 93.590000
196.271500 95.327110 198.025893 95.619326 196.669000 95.356100
197.137400 97.277400 198.648442 97.499198 197.554000 97.320500
197.949900 99.411050 199.658119 99.833476 198.370000 99.461900
198.716100 101.702700 200.332581 102.084166 199.126000 101.761000
199.516800 104.092500 201.084918 104.467768 199.937000 104.167000
200.371000 106.590800 201.967142 107.023732 200.767000 106.673000
201.252400 109.169500 202.841036 109.656260 201.638000 109.267000
202.151000 111.754400 203.780169 112.360674 202.532000 111.894000
203.059200 114.350500 204.728243 115.008510 203.420000 114.505000
203.983900 117.000400 205.690598 117.812499 204.321000 117.149000
204.857600 119.562000 206.593469 120.454370 205.208000 119.785000
205.735000 122.179100 207.449446 123.007163 206.074000 122.438000
206.598600 124.790300 208.381537 125.820508 206.931000 125.089000
207.440900 127.377400 209.233102 128.421311 207.765000 127.705000
208.242800 129.908400 209.999606 130.859075 208.554000 130.254000
208.997300 132.350000 210.811956 133.452089 209.313000 132.729000
209.687300 134.653600 211.499673 135.735863 209.990000 135.030000
210.315800 136.812600 212.142569 137.945934 210.613000 137.223000
210.853400 138.781000 212.674693 139.910272 211.156000 139.197000
211.314900 140.528100 213.149777 141.700703 211.625000 140.961000
211.724000 142.072000 213.573169 143.291395 212.030000 142.524000
212.087800 143.489600 213.947000 144.736190 212.394000 143.951000
212.418900 144.848700 214.185018 145.776959 212.716000 145.327000
212.644500 146.170800 214.484994 147.379225 212.935000 146.629000
212.735200 147.467000 214.570237 148.671519 213.008000 147.933000
212.655400 148.727700 214.451397 149.787213 212.910000 149.196000
212.394800 149.931200 214.192125 150.978081 212.676000 150.306000
211.967700 151.060900 213.741996 151.930428 212.269000 151.377000
211.327800 152.041400 213.138602 152.955850 211.670000 152.384000
210.570500 152.900300 212.359283 153.834335 210.939000 153.246000
209.690200 153.609600 211.468540 154.699275 210.069000 153.942000
208.709700 154.127900 210.464300 155.275737 209.098000 154.434000
207.628600 154.446600 209.422067 155.613964 208.047000 154.762000
206.514300 154.663600 208.528491 155.760678 206.948000 154.964000
205.342600 154.839800 207.153777 155.975842 205.825000 155.116000
204.054700 154.916400 205.896867 156.049896 204.565000 155.192000
202.653200 155.003000 204.416233 156.151440 203.158000 155.280000
201.071000 155.004800 202.873532 156.121160 201.578000 155.271000
199.317900 154.934200 201.040440 156.054397 199.808000 155.185000
197.401000 154.857200 199.270809 155.919795 197.861000 155.083000
195.316900 154.772000 197.267537 155.780817 195.751000 154.965000
193.070500 154.750200 194.901314 155.747354 193.472000 154.914000
190.668800 154.808600 192.514226 155.758358 191.037000 154.940000
188.123400 154.966400 189.906737 155.868998 188.445000 155.051000
185.505500 155.209900 187.219383 156.044325 185.793000 155.250000
182.877200 155.502600 184.538551 156.293615 183.126000 155.485000
180.229400 155.806300 181.855774 156.551083 180.440000 155.750000
177.558300 156.111000 179.116333 156.827188 177.738000 156.019000
174.880600 156.428400 176.399413 157.099741 175.017000 156.299000
172.210900 156.745600 173.797177 157.358284 172.316000 156.573000
169.531800 157.057600 171.134041 157.615741 169.606000 156.832000
166.857300 157.367500 168.292878 157.893105 166.910000 157.097000
164.166400 157.687700 165.619106 158.156544 164.219000 157.357000
161.543900 158.015100 163.003225 158.432371 161.547000 157.635000
158.917500 158.348300 160.333346 158.719004 158.894000 157.913000
156.307000 158.685700 157.643088 159.014346 156.253000 158.200000
153.701700 159.029500 155.003233 159.307537 153.622000 158.490000
151.074500 159.379400 152.416297 159.574417 150.980000 158.779000
148.417600 159.744000 149.584730 159.908571 148.272000 159.087000
145.726100 160.131500 146.862537 160.235580 145.559000 159.418000
143.006700 160.516800 144.077945 160.564634 142.815000 159.737000
140.244900 160.894500 141.341310 160.882114 140.028000 160.068000
137.441200 161.249200 138.512278 161.170932 137.180000 160.355000
134.595200 161.560200 135.650569 161.415769 134.287000 160.602000
131.711200 161.840600 132.742526 161.649634 131.388000 160.821000
128.789000 162.129400 129.638540 161.905114 128.445000 161.057000
125.847000 162.402500 126.802596 162.117951 125.471000 161.269000
122.922800 162.662800 123.706537 162.344707 122.506000 161.484000
120.011500 162.917000 120.714509 162.556479 119.578000 161.685000
117.096200 163.164900 117.945902 162.742965 116.642000 161.886000
114.183400 163.417600 114.815149 162.977638 113.697000 162.100000
111.271300 163.676400 111.884842 163.189957 110.752000 162.299000
108.360000 163.930000 108.953231 163.390378 107.822000 162.507000
105.444700 164.185400 106.014946 163.603497 104.874000 162.713000
102.540700 164.434900 103.099278 163.807817 101.966000 162.911000
99.644400 164.672400 100.167606 163.990739 99.080800 163.111000
96.744730 164.928100 97.232136 164.200077 96.143700 163.313000
93.849290 165.223100 94.328351 164.448313 93.237000 163.548000
90.952140 165.530200 91.310661 164.712965 90.313400 163.801000
88.065380 165.851200 88.382034 164.988119 87.413400 164.065000
85.150470 166.191600 85.410327 165.275552 84.467900 164.357000
82.242610 166.531500 82.479873 165.549006 81.519200 164.626000
79.311830 166.862600 79.568910 165.805276 78.527000 164.904000
76.393260 167.201900 76.530731 166.099440 75.581900 165.179000
73.438700 167.538900 73.548690 166.378257 72.585500 165.453000
70.485150 167.863400 70.642060 166.628579 69.590600 165.709000
67.519840 168.167700 67.560183 166.891229 66.584700 165.958000
64.540850 168.441900 64.548544 167.103191 63.551500 166.166000
61.540400 168.697200 61.553592 167.292218 60.521300 166.364000
58.537190 168.941400 58.575859 167.484465 57.487000 166.560000
55.533930 169.185000 55.395128 167.691447 54.448400 166.752000
52.543330 169.420200 52.372094 167.870887 51.434700 166.927000
49.571870 169.640200 49.373152 168.040939 48.450400 167.081000
46.635500 169.839600 46.503053 168.180997 45.477500 167.222000
43.710130 170.017100 43.456070 168.318311 42.548000 167.347000
40.823360 170.176600 40.577687 168.424320 39.648100 167.457000
37.953040 170.328300 37.677870 168.535835 36.773400 167.553000
35.132860 170.473500 34.846488 168.638191 33.940100 167.655000
32.385260 170.602800 31.999252 168.728589 31.170100 167.745000
29.704360 170.713400 29.323366 168.795403 28.476200 167.800000
27.093420 170.807100 26.677112 168.848246 25.858700 167.859000
24.583170 170.877300 24.160096 168.888486 23.323400 167.898000
22.209330 170.937800 21.765230 168.927306 20.944000 167.931000
19.944280 171.027800 19.475829 168.996443 18.661400 167.991000
17.748010 171.142200 17.184415 169.081938 16.433500 168.072000
15.606760 171.273100 14.997684 169.179207 14.272700 168.164000
13.545460 171.403600 12.909169 169.187475 12.173100 168.254000
11.568070 171.540200 10.882689 169.392759 10.167100 168.353000
9.709170 171.687300 8.984824 169.503063 8.293260 168.464000
7.998637 171.853700 7.235407 169.628489 6.556180 168.594000
6.432635 172.024100 5.643156 169.766933 4.964950 168.717000
4.995356 172.227700 4.172090 169.944889 3.504610 168.878000
3.674361 172.460800 2.768028 170.147981 2.155370 169.082000
2.475555 172.738700 1.533893 170.413006 0.929190 169.332000
1.394096 173.060700 0.406057 170.723830 -0.156937 169.622000
0.435287 173.448800 -0.551487 171.061999 -1.119590 169.980000
-0.481995 173.905100 -1.499220 171.480120 -2.057740 170.394000
-1.324858 174.456900 -2.374799 171.982949 -2.929610 170.898000
-2.065394 175.091700 -3.165112 172.574605 -3.723590 171.482000
-2.762100 175.808500 -3.934137 173.295201 -4.449470 172.175000
-3.408457 176.720100 -4.064336 174.049425 -5.123790 173.056000
-3.994755 177.763900 -5.218076 175.249296 -5.743280 174.093000
-4.506015 178.951500 -5.691048 176.433047 -6.279720 175.274000
-4.930925 180.367000 -6.179567 177.900243 -6.731160 176.679000
-5.212692 181.952900 -6.384598 179.483072 -7.026110 178.262000
-5.351521 183.714600 -6.404064 181.252945 -7.183620 180.058000
-5.392321 185.625500 -6.465491 183.335965 -7.246400 181.979000
-5.387940 187.682900 -6.411585 185.567436 -7.266130 184.047000
-5.372151 189.871900 -6.421977 187.796048 -7.278880 186.278000
-5.386586 192.193400 -6.418590 190.087239 -7.330580 188.612000
-5.406023 194.585200 -6.484665 192.604284 -7.385080 191.026000
-5.440439 197.017600 -6.516955 195.106476 -7.457970 193.495000
-5.475977 199.456500 -6.597318 197.604861 -7.558280 195.956000
-5.514842 201.934200 -6.652985 200.027222 -7.648180 198.438000
-5.560062 204.406700 -6.746735 202.584534 -7.749920 200.947000
-5.616804 206.863600 -6.839728 204.969066 -7.866050 203.415000
-5.692115 209.294100 -6.958557 207.478958 -7.989520 205.861000
-5.775682 211.678200 -7.075254 209.843752 -8.125310 208.254000
-5.860771 213.990100 -7.192554 212.247288 -8.258170 210.571000
-5.940900 216.159300 -7.306877 214.376523 -8.381770 212.748000
-6.023283 218.169400 -7.436935 216.465833 -8.500810 214.772000
-6.114588 220.000600 -7.544450 218.267422 -8.625100 216.613000
-6.209081 221.641100 -7.667836 219.936406 -8.757600 218.275000
-6.290085 223.094700 -7.784351 221.468985 -8.864820 219.733000
-6.323739 224.427000 -7.830623 222.846014 -8.928460 221.097000
-6.274326 225.732300 -7.783288 224.190875 -8.898910 222.438000
-6.132258 226.985000 -7.658584 225.502357 -8.773520 223.689000
-5.842543 228.167200 -7.340555 226.811065 -8.478530 224.908000
-5.392446 229.278300 -6.944569 227.867332 -8.072160 225.989000
-4.842747 230.275700 -6.431356 228.918326 -7.556370 227.021000
-4.162700 231.192700 -5.770071 229.865387 -6.907810 227.952000
-3.339169 232.032200 -4.960412 230.755789 -6.080640 228.831000
-2.397566 232.795000 -3.983544 231.516409 -5.121390 229.631000
-1.278517 233.345000 -2.875360 232.056925 -4.006590 230.237000
0.002398 233.849400 -1.468442 232.688277 -2.709190 230.762000
1.451824 234.167300 -0.009616 232.992396 -1.243980 231.120000
3.063341 234.394700 1.507088 233.167100 0.399620 231.384000
4.818404 234.521700 3.464396 233.371112 2.162210 231.533000
6.718857 234.529500 5.440324 233.358651 4.080620 231.565000
8.771869 234.476900 7.557865 233.327356 6.144880 231.535000
10.950050 234.353500 9.769854 233.210620 8.322340 231.437000
13.283690 234.242600 11.858775 233.053303 10.666700 231.353000
15.698180 234.114100 14.551028 232.993581 13.074000 231.248000
18.109840 234.011200 16.793156 232.869580 15.477700 231.161000
20.538930 233.937000 19.474930 232.839023 17.916400 231.115000
23.000350 233.896100 21.935235 232.786993 20.369800 231.089000
25.454510 233.895700 24.434030 232.767242 22.820800 231.085000
27.927720 233.889300 26.808327 232.751508 25.305500 231.079000
30.407900 233.872000 29.445618 232.725299 27.798300 231.068000
32.882140 233.853600 31.954344 232.696740 30.279800 231.048000
35.338500 233.829000 34.443266 232.663913 32.742000 231.031000
37.779520 233.790500 36.927581 232.621619 35.196900 230.993000
40.179400 233.727500 39.389331 232.557837 37.611500 230.940000
42.552300 233.662400 41.858646 232.491150 39.991600 230.887000
44.907840 233.595600 44.172114 232.425656 42.349900 230.840000
47.226940 233.520600 46.614739 232.351298 44.686100 230.771000
49.522840 233.434600 48.948559 232.265821 47.001700 230.709000
51.803140 233.370200 51.073635 232.207015 49.273700 230.643000
54.049950 233.306500 53.524285 232.135157 51.525000 230.584000
56.280590 233.226500 55.723258 232.052883 53.766200 230.521000
58.445580 233.147900 57.753821 231.982236 55.952000 230.458000
60.619970 233.086700 60.061344 231.925310 58.141900 230.399000
62.750480 233.037500 62.155224 231.883581 60.275400 230.369000
64.846290 232.998000 64.251734 231.848134 62.387800 230.338000
66.907940 232.934300 66.238493 231.792675 64.455300 230.290000
68.927460 232.866900 68.264471 231.725080 66.472700 230.236000
70.887740 232.814900 70.200204 231.683244 68.441600 230.187000
72.825750 232.758300 72.159515 231.632754 70.377500 230.140000
74.737930 232.699000 74.197872 231.571077 72.277100 230.099000
76.618370 232.622200 76.050276 231.515503 74.189300 230.051000
78.487810 232.513200 77.976351 231.421514 76.069000 229.965000
80.415420 232.376500 79.966131 231.296321 78.007200 229.858000
82.423060 232.187700 82.006864 231.126435 80.035900 229.692000
84.524370 231.969700 84.191131 230.914733 82.150100 229.497000
86.709120 231.699600 86.427206 230.650204 84.348600 229.247000
89.024130 231.380400 88.783080 230.339979 86.682600 228.949000
91.467840 231.021200 91.248678 229.989612 89.112200 228.607000
94.024580 230.649200 93.794706 229.629360 91.669100 228.266000
96.704300 230.258000 96.570437 229.248103 94.369200 227.899000
99.500260 229.890100 99.424322 228.896181 97.189300 227.569000
102.390800 229.569300 102.379306 228.583828 100.062000 227.260000
105.358500 229.285100 105.363652 228.312173 103.020000 227.015000
108.344900 229.013100 108.165386 228.076532 106.019000 226.772000
111.363200 228.734900 111.264942 227.820812 109.017000 226.530000
114.373200 228.477600 114.341398 227.573759 112.024000 226.313000
117.360000 228.229400 117.305527 227.345554 115.014000 226.101000
120.339400 228.001300 120.302174 227.139166 118.009000 225.909000
123.309400 227.796900 123.286962 226.939987 120.950000 225.742000
126.241200 227.623100 126.260867 226.787130 123.892000 225.599000
129.151600 227.477500 129.186339 226.652935 126.804000 225.485000
132.012600 227.318900 132.080764 226.505550 129.641000 225.345000
134.854400 227.154700 134.962932 226.350238 132.491000 225.195000
137.658300 226.984100 137.825144 226.192837 135.309000 225.063000
140.441600 226.780700 140.575396 226.014313 138.110000 224.883000
143.209300 226.535400 143.392493 225.771353 140.884000 224.663000
145.977400 226.238300 146.188063 225.486135 143.664000 224.387000
148.746000 225.862600 148.991479 225.128034 146.451000 224.027000
151.518600 225.402500 151.837748 224.683748 149.231000 223.595000
154.265800 224.858900 154.588557 224.150286 152.013000 223.072000
157.017900 224.208100 157.456132 223.493780 154.763000 222.453000
159.770300 223.494500 160.159217 222.817660 157.547000 221.770000
162.519400 222.782200 163.043043 222.109225 160.323000 221.073000
165.292700 222.111000 165.815114 221.459009 163.115000 220.430000
168.051700 221.507000 168.535914 220.876014 165.880000 219.855000
170.813300 220.973200 171.292249 220.358112 168.680000 219.341000
173.565300 220.491000 174.048024 219.875545 171.439000 218.890000
176.245800 220.043100 176.755568 219.449815 174.128000 218.482000
178.818800 219.633700 179.347825 219.042141 176.722000 218.079000
181.257200 219.251600 181.793849 218.658402 179.179000 217.708000
183.679400 218.884000 184.207448 218.288005 181.609000 217.334000
186.086900 218.497600 186.634493 217.890959 184.080000 216.956000
188.454700 218.100200 189.029297 217.488846 186.457000 216.565000
190.804000 217.716300 191.410009 217.097568 188.806000 216.192000
193.140800 217.373500 193.774019 216.750728 191.132000 215.867000
195.432100 217.054600 196.078109 216.443841 193.448000 215.578000
197.727600 216.759200 198.339997 216.158297 195.729000 215.290000
199.972100 216.485600 200.722964 215.864118 197.988000 215.029000
202.098700 216.237900 202.776582 215.632936 200.132000 214.793000
204.042400 215.996300 204.812011 215.384770 202.098000 214.566000
205.749800 215.775100 206.549616 215.172286 203.821000 214.368000
207.241200 215.583400 208.064455 214.999133 205.330000 214.203000
208.613300 215.379500 209.501584 214.826762 206.704000 214.036000
209.946100 215.165400 210.824744 214.638929 208.017000 213.854000
211.132200 214.943200 212.047036 214.446405 209.210000 213.651000
212.136600 214.744800 213.095627 214.266060 210.224000 213.483000
213.062500 214.534600 214.035282 214.078460 211.159000 213.298000
213.959300 214.314400 214.955971 213.887390 212.078000 213.120000
214.824000 214.088800 215.835500 213.690153 212.970000 212.934000
215.687900 213.834700 216.727350 213.444705 213.845000 212.697000
216.575000 213.526600 217.689842 213.148774 214.758000 212.416000
217.490900 213.157600 218.649283 212.787258 215.713000 212.055000
218.457300 212.700900 219.653977 212.332204 216.705000 211.606000
219.480700 212.125200 220.776103 211.743633 217.758000 211.042000
220.511700 211.370900 221.903481 210.954040 218.858000 210.280000
221.550800 210.459100 222.985958 210.003075 219.918000 209.350000
222.555600 209.363300 224.001674 208.856684 220.938000 208.256000
223.474400 208.082600 224.456522 207.747661 221.918000 206.943000
224.312800 206.641100 225.737201 206.034644 222.768000 205.469000
225.044800 205.038200 226.381627 204.398506 223.543000 203.806000
225.610700 203.260200 227.002737 202.464511 224.131000 201.981000
225.969900 201.350200 227.376782 200.457449 224.541000 200.044000
226.110100 199.367200 227.224748 198.851025 224.681000 198.018000
226.043000 197.305000 227.449657 196.029541 224.619000 195.922000
225.807700 195.159800 226.788917 194.527953 224.399000 193.744000
225.430000 192.956900 226.691764 191.504866 224.038000 191.532000
224.916600 190.707600 226.092143 189.234486 223.537000 189.274000
224.270500 188.432400 225.369162 186.870571 222.903000 186.965000
223.514900 186.121900 224.563649 184.671343 222.167000 184.656000
222.660400 183.771100 223.658124 182.132084 221.326000 182.259000
221.783100 181.391000 222.782597 180.057076 220.471000 179.863000
220.891900 178.998600 221.841223 177.509782 219.599000 177.458000
220.021400 176.587400 221.020439 175.378084 218.756000 175.042000
219.223500 174.200300 220.210831 173.189482 217.979000 172.642000
218.482200 171.834800 219.472466 170.674104 217.262000 170.251000
217.818500 169.568700 218.793249 168.415040 216.613000 167.964000
217.216600 167.458800 218.148427 166.229480 216.020000 165.833000
216.650700 165.491600 217.621128 164.320261 215.466000 163.869000
216.110800 163.682800 217.050580 162.438179 214.945000 162.050000
215.577800 162.017400 216.505473 160.719790 214.419000 160.336000
214.999400 160.430000 215.912704 159.147906 213.849000 158.729000
214.344800 158.975700 215.190101 157.460222 213.191000 157.232000
213.573800 157.662600 214.458992 156.222223 212.419000 155.883000
212.660500 156.532700 213.447288 154.909745 211.495000 154.740000
211.582500 155.560200 212.407598 153.972922 210.436000 153.762000
210.426600 154.805400 211.193418 153.176640 209.263000 152.983000
209.163000 154.246200 209.942585 152.696474 207.980000 152.398000
207.764200 153.857100 208.529723 152.341050 206.586000 152.008000
206.280800 153.652300 207.226845 152.577248 205.079000 151.798000
204.678000 153.573200 205.419828 152.126017 203.455000 151.701000
202.976300 153.576200 203.733464 152.201153 201.721000 151.700000
201.140400 153.649700 201.851902 152.328549 199.883000 151.778000
199.175800 153.795100 199.836356 152.484283 197.896000 151.933000
197.094000 154.001100 197.779979 152.748584 195.786000 152.120000
194.884400 154.205500 195.535303 152.995902 193.544000 152.310000
192.560300 154.427500 193.290134 153.443884 191.194000 152.523000
190.124200 154.677200 190.691342 153.505240 188.727000 152.762000
187.577500 154.946500 188.061887 153.811966 186.151000 153.023000
184.929000 155.250800 185.451997 154.272899 183.478000 153.318000
182.198300 155.594600 182.536466 154.499839 180.739000 153.637000
179.402300 155.944800 179.747981 154.907801 177.885000 153.996000
176.570000 156.287200 176.754914 155.238430 175.026000 154.346000
173.734500 156.623600 173.884460 155.596816 172.165000 154.678000
170.901000 156.954000 171.128716 155.981471 169.295000 155.012000
168.081500 157.295300 168.145112 156.316080 166.471000 155.349000
165.284900 157.640900 165.311450 156.685650 163.665000 155.693000
162.507400 157.987500 162.500418 157.054062 160.879000 156.030000
159.747400 158.333400 159.798571 157.413936 158.105000 156.366000
156.984600 158.680600 156.933265 157.761551 155.326000 156.706000
154.216200 159.032100 154.137461 158.115199 152.532000 157.052000
151.439500 159.399800 151.287237 158.483722 149.738000 157.412000
148.640500 159.792600 148.462962 158.877037 146.912000 157.795000
145.813800 160.206400 145.577265 159.292293 144.067000 158.192000
142.963600 160.610300 142.857099 159.676853 141.189000 158.582000
140.057000 160.997100 139.726040 160.083067 138.276000 158.951000
137.092200 161.347900 136.772331 160.427699 135.283000 159.287000
134.059200 161.649400 133.846757 160.716985 132.242000 159.571000
130.993600 161.935400 130.755855 161.012926 129.164000 159.840000
127.858900 162.233700 127.594952 161.306857 126.038000 160.107000
124.683800 162.520100 124.272427 161.609768 122.845000 160.376000
121.492100 162.798700 121.067859 161.887936 119.647000 160.643000
118.297400 163.082000 117.711128 162.179267 116.430000 160.904000
115.103400 163.377800 114.500882 162.469168 113.230000 161.180000
111.913100 163.672600 111.340493 162.754940 110.031000 161.456000
108.723500 163.966800 108.142401 163.047263 106.801000 161.731000
105.531500 164.253700 104.950921 163.331619 103.610000 162.001000
102.343500 164.537500 101.804444 163.603034 100.384000 162.267000
99.161640 164.825900 98.566021 163.896685 97.212300 162.551000
95.959550 165.164700 95.260294 164.243818 93.975600 162.868000
92.746890 165.547500 92.121219 164.619174 90.756500 163.241000
89.526460 165.956000 88.833142 165.022425 87.520100 163.631000
86.297890 166.381500 85.474087 165.455252 84.272500 164.052000
83.033610 166.817100 82.231123 165.881527 80.972600 164.471000
79.736970 167.238800 78.857883 166.308024 77.653500 164.884000
76.427180 167.629500 75.484459 166.698604 74.335600 165.254000
73.050320 167.986400 72.102255 167.047301 70.926600 165.599000
69.640860 168.315400 68.689086 167.388341 67.490900 165.916000
66.194370 168.637100 65.174122 167.718338 64.028100 166.218000
62.710330 168.931500 61.694088 168.017530 60.526300 166.495000
59.214430 169.199600 58.145467 168.290123 57.014100 166.741000
55.734640 169.446800 54.583684 168.538928 53.506000 166.973000
52.271980 169.681900 51.121222 168.774639 50.036600 167.183000
48.833520 169.903400 47.630307 168.994338 46.590100 167.376000
45.431860 170.116400 44.217952 169.217337 43.174300 167.573000
42.051610 170.315300 40.778326 169.416107 39.782700 167.752000
38.742450 170.482700 37.532955 169.582288 36.466500 167.911000
35.535340 170.629700 34.385161 169.726906 33.212800 168.034000
32.460880 170.758300 31.194826 169.870038 30.111300 168.155000
29.526980 170.862700 28.316686 169.975695 27.150400 168.244000
26.736320 170.955000 25.457365 170.068867 24.337100 168.333000
24.096640 171.032400 22.784640 170.147451 21.680300 168.397000
21.599520 171.132300 20.277777 170.249989 19.149300 168.484000
19.316590 171.344600 17.875173 170.407513 16.734400 168.620000
17.201760 171.658400 15.510268 170.649451 14.427600 168.856000
15.089840 171.971500 13.231345 170.969185 12.239000 169.144000
12.980420 172.284000 11.127865 171.336381 10.154000 169.495000
10.872410 172.596000 9.122054 171.703617 8.157170 169.848000
8.838192 172.907600 7.255979 172.022306 6.279560 170.170000
7.132350 173.177000 5.539174 172.293534 4.556150 170.423000
5.611287 173.387400 4.008087 172.506708 3.035500 170.628000
4.309371 173.544500 2.702630 172.662852 1.716390 170.781000
3.237420 173.651900 1.557020 172.786478 0.635685 170.897000
2.375838 173.729600 0.688565 172.866274 -0.232700 170.978000
1.679549 173.799100 -0.015386 172.931019 -0.945387 171.038000
1.056923 173.859600 -0.644527 172.985822 -1.561170 171.091000
0.465217 173.909300 -1.241401 173.029984 -2.166220 171.131000
-0.128030 173.962400 -1.914112 173.089052 -2.774160 171.176000
-0.720230 174.003300 -2.509594 173.128478 -3.359070 171.207000
-1.330594 174.023800 -3.123323 173.145191 -3.988710 171.233000
-2.080426 174.055200 -3.876447 173.173867 -4.714080 171.247000
-2.997577 174.094600 -4.793576 173.211811 -5.633200 171.283000
-4.098643 174.120700 -5.691928 173.224897 -6.735440 171.301000
-5.416520 174.168000 -7.266476 173.300400 -8.063820 171.352000
-6.936037 174.228300 -8.814843 173.369931 -9.586520 171.411000
-8.609358 174.340400 -10.411346 173.483025 -11.279500 171.539000
-10.463980 174.413000 -12.294331 173.570498 -13.133100 171.599000
-12.494230 174.495000 -14.183704 173.644866 -15.168900 171.697000
-14.662590 174.544200 -16.400460 173.707321 -17.335400 171.745000
-17.028510 174.612700 -18.748029 173.777952 -19.704800 171.807000
-19.515490 174.656900 -21.217447 173.818816 -22.201100 171.852000
-22.153150 174.694500 -23.831417 173.882744 -24.873800 171.901000
-24.891700 174.736800 -26.588563 173.937140 -27.633200 171.951000
-27.728470 174.787700 -29.502589 174.003969 -30.476200 172.004000
-30.668830 174.869400 -32.532030 174.091029 -33.442300 172.086000
-33.671140 174.970100 -35.587436 174.203400 -36.476500 172.173000
-36.734690 175.074800 -38.607740 174.299642 -39.555100 172.268000
-39.843610 175.165700 -41.672796 174.383586 -42.702600 172.352000
-43.001160 175.252500 -45.037839 174.480957 -45.853900 172.420000
-46.184910 175.351700 -48.205717 174.577922 -49.047300 172.500000
-49.374400 175.443100 -51.353582 174.658011 -52.236600 172.579000
-52.557440 175.526000 -54.478298 174.731836 -55.439800 172.637000
-55.757590 175.616000 -57.745787 174.821513 -58.656100 172.716000
-58.925860 175.702900 -60.929002 174.906651 -61.843000 172.794000
-62.130070 175.804700 -64.134322 175.008624 -65.037200 172.877000
-65.328080 175.907300 -67.298724 175.105804 -68.230900 172.959000
-68.537660 176.003100 -70.471193 175.188090 -71.435800 173.025000
-71.749230 176.080900 -73.563407 175.257677 -74.645500 173.087000
-74.976500 176.145900 -76.912882 175.327801 -77.909000 173.144000
-78.208790 176.218000 -80.213070 175.396441 -81.152200 173.188000
-81.447070 176.257900 -83.407427 175.416650 -84.397900 173.218000
-84.692180 176.290600 -86.785356 175.470743 -87.639200 173.228000
-87.936790 176.288700 -90.037452 175.476207 -90.892100 173.220000
-91.211290 176.258400 -93.254500 175.446853 -94.198400 173.180000
-94.484440 176.204800 -96.576409 175.399020 -97.479700 173.111000
-97.757000 176.121600 -99.831098 175.319908 -100.784000 173.029000
-101.045200 176.004400 -103.180395 175.235868 -104.117000 172.918000
-104.339000 175.862100 -106.565922 175.111737 -107.414000 172.786000
-107.640300 175.694600 -109.903419 174.967036 -110.735000 172.638000
-110.948600 175.520500 -113.186646 174.817327 -114.057000 172.463000
-114.267700 175.326000 -116.499590 174.632447 -117.387000 172.272000
-117.598500 175.123100 -119.829042 174.446704 -120.725000 172.059000
-120.942600 174.923200 -123.251241 174.254132 -124.107000 171.857000
-124.293900 174.718800 -126.668073 174.052530 -127.459000 171.630000
-127.663000 174.505900 -130.126353 173.835572 -130.824000 171.410000
-131.048900 174.295300 -133.478756 173.623428 -134.191000 171.176000
-134.443100 174.072500 -136.967723 173.401501 -137.575000 170.945000
-137.847200 173.848200 -140.527669 173.173540 -140.969000 170.712000
-141.262000 173.635000 -143.957201 172.960634 -144.395000 170.481000
-144.675300 173.415500 -147.392337 172.745614 -147.830000 170.249000
-148.093400 173.189000 -150.808142 172.537778 -151.249000 170.016000
-151.506600 172.967300 -154.250552 172.324388 -154.679000 169.775000
-154.901800 172.728300 -157.594247 172.101623 -158.068000 169.539000
-158.292900 172.494700 -161.007793 171.883121 -161.465000 169.305000
-161.632200 172.250400 -164.417519 171.659575 -164.794000 169.057000
-164.974900 172.022600 -167.761458 171.447998 -168.155000 168.831000
-168.236000 171.803200 -171.057060 171.242389 -171.434000 168.619000
-171.502400 171.597000 -174.343461 171.052159 -174.669000 168.411000
-174.668300 171.359900 -177.543877 170.825705 -177.853000 168.169000
-177.746400 171.132500 -180.629126 170.606988 -180.941000 167.933000
-180.803200 170.903300 -183.810706 170.383116 -184.001000 167.692000
-183.778700 170.687800 -186.797939 170.176828 -186.999000 167.478000
-186.701500 170.475800 -189.724702 169.985338 -189.908000 167.254000
-189.566000 170.268000 -192.674980 169.772184 -192.772000 167.043000
-192.391300 170.070600 -195.533689 169.586408 -195.590000 166.838000
-195.149900 169.858100 -198.315678 169.373732 -198.351000 166.615000
-197.876000 169.626400 -201.081677 169.143270 -201.096000 166.380000
-200.552400 169.372500 -203.631611 168.895475 -203.770000 166.109000
-203.199000 169.063700 -206.452810 168.579186 -206.413000 165.785000
-205.787000 168.703000 -208.947991 168.228122 -209.018000 165.410000
-208.326100 168.290400 -211.531811 167.815865 -211.578000 164.985000
-210.824000 167.881700 -214.047834 167.418669 -214.134000 164.569000
-213.258300 167.488200 -216.538393 167.038385 -216.568000 164.192000
-215.584000 167.155500 -218.882634 166.722529 -218.946000 163.860000
-217.825600 166.951000 -221.234885 166.508213 -221.213000 163.650000
-219.976700 166.840100 -223.456361 166.402789 -223.380000 163.538000
-222.030600 166.826400 -225.574600 166.400936 -225.471000 163.504000
-223.989000 166.912900 -227.529443 166.496227 -227.460000 163.589000
-225.824600 167.087900 -229.432183 166.669119 -229.335000 163.752000
-227.550100 167.325800 -231.191413 166.912305 -231.064000 163.974000
-229.178200 167.608800 -232.767839 167.223051 -232.700000 164.245000
-230.692700 167.920100 -234.422855 167.504724 -234.243000 164.547000
-232.121600 168.192100 -235.870497 167.782672 -235.677000 164.811000
-233.453600 168.409000 -237.168728 167.994367 -236.996000 165.012000
-234.669500 168.528300 -238.385897 168.114109 -238.204000 165.145000
-235.786800 168.548000 -239.280025 168.174595 -239.333000 165.170000
-236.809500 168.431800 -240.517690 168.020128 -240.357000 165.046000
-237.749100 168.202200 -241.465789 167.784639 -241.276000 164.805000
-238.622500 167.871000 -242.301520 167.440930 -242.062000 164.477000
-239.423500 167.439100 -243.115320 167.008010 -242.787000 164.076000
-240.167900 166.948100 -243.824941 166.537807 -243.459000 163.623000
-240.836500 166.406300 -244.538126 165.990796 -244.133000 163.087000
-241.484000 165.802100 -245.161036 165.406393 -244.792000 162.510000
-242.133500 165.204600 -245.847454 164.808796 -245.421000 161.914000
-242.760700 164.564800 -246.253700 164.081636 -246.015000 161.267000
-243.373200 163.846400 -247.068382 163.453231 -246.645000 160.607000
-243.956600 163.041100 -247.700458 162.612728 -247.252000 159.807000
-244.490700 162.132200 -248.195919 161.735761 -247.808000 158.881000
-244.987900 161.116800 -248.749995 160.661945 -248.283000 157.898000
-245.418700 159.925400 -249.113075 159.502367 -248.701000 156.689000
-245.815100 158.551700 -249.565431 158.056664 -249.106000 155.319000
-246.200000 156.991700 -249.903851 156.498496 -249.473000 153.737000
-246.613900 155.230000 -250.336122 154.649795 -249.876000 151.968000
-246.967700 153.214300 -250.712687 152.406097 -250.195000 149.946000
-247.267000 150.943600 -251.000565 150.058062 -250.466000 147.666000
-247.521500 148.451900 -251.269097 147.336832 -250.694000 145.150000
-247.763400 145.749400 -251.543823 144.495290 -250.910000 142.434000
-248.018000 142.841100 -251.812698 141.379028 -251.134000 139.508000
-248.277200 139.720500 -252.064281 138.182786 -251.348000 136.383000
-248.523100 136.389500 -252.294259 134.914615 -251.572000 133.035000
-248.773200 132.870500 -252.553100 131.298822 -251.781000 129.488000
-249.015800 129.335700 -252.714058 127.829588 -251.992000 125.948000
-249.218400 125.814900 -252.990199 124.141579 -252.151000 122.393000
-249.397800 122.286300 -253.177838 120.479786 -252.295000 118.860000
-249.565200 118.755000 -253.296968 116.923065 -252.406000 115.322000
-249.697400 115.238200 -253.502709 113.198784 -252.502000 111.781000
-249.820200 111.741900 -253.625745 109.593914 -252.590000 108.259000
-249.943300 108.268400 -253.752990 106.010082 -252.661000 104.780000
-250.044800 104.815000 -253.847700 102.539825 -252.735000 101.325000
-250.125300 101.386800 -253.926751 99.033292 -252.775000 97.897700
-250.189300 97.986010 -254.001207 95.538911 -252.806000 94.491900
-250.244000 94.598780 -254.073706 92.055592 -252.812000 91.082200
-250.305600 91.259170 -254.140706 88.584753 -252.829000 87.724600
-250.400100 87.936680 -254.256933 85.209119 -252.897000 84.393700
-250.549700 84.645240 -254.410324 81.773341 -252.992000 81.052300
-250.690200 81.356670 -254.546854 78.371847 -253.094000 77.734800
-250.847000 78.103800 -254.692371 75.066210 -253.216000 74.476000
-251.020300 74.824490 -254.844324 71.895979 -253.353000 71.187700
-251.181200 71.549630 -255.012597 68.483986 -253.468000 67.877400
-251.353200 68.299410 -255.175793 65.251225 -253.619000 64.630400
-251.504400 65.068130 -255.342256 61.971241 -253.715000 61.408400
-251.635100 61.852520 -255.483050 58.741414 -253.812000 58.163100
-251.747700 58.661860 -255.598074 55.516148 -253.888000 54.955500
-251.845300 55.489840 -255.727054 52.136609 -253.941000 51.779400
-251.935900 52.343660 -255.793157 49.131469 -253.998000 48.627300
-252.030900 49.220080 -255.895516 45.972553 -254.059000 45.490900
-252.144000 46.116710 -256.012756 42.785950 -254.141000 42.390900
-252.285100 43.039160 -256.171878 39.607863 -254.252000 39.308200
-252.447800 39.988030 -256.331669 36.569256 -254.375000 36.252300
-252.625400 36.956390 -256.516208 33.493521 -254.516000 33.240200
-252.810700 33.954820 -256.706794 30.456636 -254.667000 30.241200
-252.984400 30.978070 -256.891164 27.443357 -254.802000 27.274500
-253.097600 28.028950 -257.008295 24.504788 -254.867000 24.324300
-253.116300 25.101150 -257.032812 21.539169 -254.860000 21.384400
-253.041100 22.203360 -256.966364 18.662393 -254.749000 18.495600
-252.848100 19.324220 -256.772358 16.106295 -254.521000 15.616600
-252.488000 16.480910 -256.435110 12.812957 -254.130000 12.813100
-251.943700 13.650460 -255.905427 9.877949 -253.562000 9.987970
-251.206200 10.846250 -255.179788 7.790128 -252.797000 7.177250
-250.269300 8.064427 -254.196927 4.300536 -251.847000 4.422910
-249.119400 5.314832 -253.034561 1.556964 -250.651000 1.671320
-247.746000 2.616861 -251.650685 -1.191561 -249.278000 -0.976028
-246.166100 -0.017969 -250.061806 -3.771509 -247.695000 -3.560020
-244.406300 -2.619939 -248.389978 -5.957766 -245.915000 -6.129790
-242.507000 -5.201607 -246.380749 -8.936335 -243.969000 -8.712490
-240.543700 -7.805212 -244.437904 -11.459144 -241.947000 -11.317100
-238.527600 -10.441420 -242.297042 -14.236693 -239.881000 -13.953900
-236.482900 -13.102670 -240.223769 -16.865160 -237.795000 -16.601700
-234.463000 -15.778320 -238.168230 -19.518573 -235.727000 -19.272700
-232.508700 -18.481870 -236.164993 -22.260583 -233.710000 -21.984700
-230.631700 -21.211600 -234.223277 -25.084045 -231.784000 -24.705700
-228.850200 -23.973140 -232.395378 -27.897958 -229.944000 -27.466500
-227.120500 -26.731510 -230.628999 -30.606902 -228.157000 -30.221400
-225.420200 -29.466820 -228.855072 -33.527567 -226.412000 -32.939900
-223.756600 -32.175260 -227.164845 -36.229182 -224.707000 -35.656500
-222.113500 -34.852880 -225.482261 -38.922954 -223.019000 -38.314400
-220.503000 -37.487790 -223.805854 -41.619410 -221.360000 -40.952200
-218.945600 -40.020000 -222.267210 -44.132402 -219.754000 -43.478000
-217.473700 -42.350380 -220.761556 -46.515122 -218.246000 -45.774100
-216.081800 -44.449900 -219.345991 -48.632344 -216.818000 -47.869300
-214.778200 -46.310220 -217.895439 -50.734243 -215.483000 -49.707900
-213.569900 -47.963370 -216.737927 -52.297818 -214.257000 -51.341300
-212.469800 -49.406600 -215.607714 -53.784011 -213.120000 -52.797100
-211.402700 -50.703570 -214.470530 -55.109423 -212.035000 -54.090000
-210.350300 -51.866650 -213.391437 -56.416601 -210.966000 -55.246400
-209.329000 -52.882180 -212.356804 -57.448508 -209.964000 -56.234000
-208.342100 -53.712810 -211.350488 -58.305961 -208.979000 -57.055300
-207.433900 -54.314810 -210.454986 -58.908005 -208.090000 -57.634800
-206.639200 -54.750770 -209.788428 -59.034059 -207.288000 -58.076500
-205.846700 -55.112410 -208.929858 -59.628818 -206.500000 -58.433000
-205.046500 -55.376850 -208.111150 -59.909663 -205.743000 -58.676200
-204.238300 -55.572130 -207.443660 -59.914175 -204.917000 -58.857400
-203.340400 -55.720010 -206.396967 -60.218369 -204.052000 -59.004500
-202.343700 -55.812630 -205.359244 -60.336148 -203.072000 -59.091800
-201.230000 -55.831900 -204.258684 -60.315692 -201.975000 -59.084100
-199.966900 -55.727910 -202.912940 -60.235324 -200.716000 -58.971000
-198.511800 -55.515700 -201.522388 -59.959396 -199.273000 -58.754700
-196.896300 -55.177990 -199.808218 -59.613988 -197.636000 -58.398500
-195.101200 -54.675310 -198.084042 -59.068356 -195.828000 -57.877400
-193.144500 -53.980020 -196.436351 -58.294141 -193.884000 -57.160400
-191.089500 -53.059560 -194.074832 -57.384654 -191.862000 -56.216100
-188.959500 -51.870660 -191.976703 -56.156549 -189.747000 -55.014000
-186.748300 -50.457590 -189.747518 -54.701085 -187.535000 -53.589900
-184.446800 -48.882240 -187.405638 -53.111375 -185.217000 -51.977400
-181.997000 -47.211720 -185.018718 -51.451730 -182.793000 -50.299200
-179.497700 -45.532110 -182.585992 -49.657275 -180.254000 -48.553300
-176.845100 -43.764640 -179.778619 -47.944571 -177.595000 -46.741800
-174.079200 -41.951340 -176.933661 -46.044344 -174.831000 -44.887100
-171.182700 -40.094050 -173.950658 -44.135416 -171.921000 -42.976800
-168.181500 -38.252180 -170.937268 -42.238813 -168.910000 -41.082800
-165.080700 -36.437440 -167.783755 -40.346299 -165.780000 -39.214300
-161.936900 -34.664440 -164.593237 -38.542045 -162.616000 -37.379700
-158.730900 -32.961050 -161.369203 -36.821769 -159.416000 -35.635600
-155.498500 -31.326070 -158.091278 -35.146361 -156.164000 -33.946000
-152.284900 -29.754520 -154.834612 -33.541147 -152.929000 -32.302300
-149.069300 -28.182760 -151.534274 -31.905388 -149.703000 -30.687200
-145.857700 -26.612150 -148.357851 -30.241863 -146.490000 -29.074900
-142.641000 -25.057000 -144.926921 -28.674499 -143.253000 -27.457300
-139.402500 -23.486330 -141.638398 -27.071613 -139.995000 -25.839500
-136.173000 -21.934650 -138.391043 -25.490445 -136.757000 -24.232500
-132.945300 -20.377060 -135.091160 -23.887461 -133.518000 -22.637200
-129.754900 -18.849320 -131.995409 -22.322690 -130.319000 -21.055700
-126.594800 -17.311780 -128.753118 -20.762904 -127.189000 -19.481400
-123.481600 -15.777190 -125.794595 -19.115149 -124.068000 -17.892000
-120.382000 -14.275260 -122.351531 -17.655081 -120.972000 -16.334500
-117.290900 -12.878730 -119.251383 -16.230273 -117.882000 -14.899400
-114.140500 -11.587510 -116.067965 -14.904196 -114.719000 -13.566700
-110.985900 -10.399830 -112.815189 -13.659422 -111.539000 -12.300300
-107.823700 -9.243398 -109.592056 -12.469166 -108.351000 -11.093000
-104.639900 -8.124757 -106.367357 -11.304250 -105.139000 -9.901590
-101.445300 -7.020636 -103.154397 -10.158468 -101.942000 -8.741360
-98.266820 -5.927679 -100.025821 -9.064337 -98.749800 -7.609630
-95.057020 -4.924307 -96.764187 -8.043319 -95.530300 -6.590030
-91.816180 -3.988153 -93.522878 -7.104337 -92.267000 -5.606790
-88.560330 -3.139167 -90.260599 -6.260212 -88.996900 -4.715520
-85.275670 -2.357662 -86.997093 -5.492598 -85.697600 -3.896100
-81.984180 -1.642797 -83.646086 -4.767018 -82.345700 -3.111320
-78.695610 -0.956720 -80.512881 -4.000226 -79.033000 -2.379160
-75.422800 -0.300680 -76.972400 -3.392090 -75.757000 -1.676860
-72.166360 0.319994 -73.653058 -2.745637 -72.472100 -1.003080
-68.928530 0.923302 -70.595605 -2.124939 -69.221700 -0.357788
-65.700550 1.500442 -67.133882 -1.578027 -65.993400 0.259237
-62.489590 2.047975 -63.942705 -1.037925 -62.764600 0.854816
-59.295260 2.577472 -60.793579 -0.509987 -59.562800 1.425560
-56.128970 3.091711 -57.636753 0.001972 -56.385000 1.992230
-52.988540 3.575444 -54.496402 0.566076 -53.243600 2.534130
-49.868360 4.040344 -51.307200 0.964943 -50.127100 3.040940
-46.776300 4.464286 -48.179757 1.401767 -47.025600 3.519530
-43.712180 4.856902 -45.086746 1.807849 -43.981300 3.972720
-40.666360 5.223322 -42.040084 2.188912 -40.933300 4.388920
-37.689290 5.564962 -39.012612 2.537752 -37.955500 4.791660
-34.786240 5.888495 -35.867712 2.943247 -35.022700 5.181880
-31.996720 6.190015 -33.237835 3.183336 -32.209500 5.513450
-29.296910 6.465571 -30.536878 3.470961 -29.493900 5.839810
-26.720990 6.720779 -27.939135 3.722191 -26.893300 6.134080
-24.320240 6.954131 -25.443667 4.004329 -24.460800 6.412350
-22.089310 7.159574 -23.246258 4.182703 -22.195700 6.654680
-20.016680 7.362635 -21.133531 4.396888 -20.096600 6.897780
-18.106820 7.551445 -19.199818 4.584347 -18.170400 7.119600
-16.337750 7.702083 -17.383981 4.762770 -16.382600 7.310720
-14.726050 7.819683 -15.750300 4.893523 -14.741500 7.462580
-13.313500 7.930153 -14.172396 5.070646 -13.309700 7.596320
-12.128270 8.022018 -13.070163 5.119192 -12.097400 7.713650
-11.139240 8.100664 -12.067972 5.203387 -11.088100 7.809870
-10.287410 8.195045 -11.207768 5.306291 -10.227200 7.923240
-9.518219 8.309922 -10.438687 5.440139 -9.449410 8.064830
-8.789252 8.478175 -9.691258 5.672820 -8.729530 8.252130
-8.149181 8.669320 -9.045162 5.796026 -8.084790 8.446470
-7.829442 8.769976 -8.733787 5.885347 -7.767330 8.545840
-7.799252 8.787461 -8.710109 5.889505 -7.735220 8.551630
-7.813018 8.786625 -8.725993 5.882933 -7.749620 8.553960
-7.809395 8.788143 -8.723465 5.885285 -7.764600 8.562410
-7.809451 8.779000 -8.724319 5.884148 -7.760290 8.555800
-7.809131 8.771007 -8.720144 5.888543 -7.755810 8.551620
-7.804822 8.762953 -8.718583 5.890416 -7.753440 8.554280
-7.800766 8.755551 -8.720932 5.888977 -7.759710 8.556050
-7.795082 8.750163 -8.720791 5.891040 -7.754500 8.554410
-7.789514 8.745234 -8.716432 5.897605 -7.759200 8.559460
-7.784930 8.740517 -8.719866 5.891715 -7.761470 8.561370
-7.780166 8.734843 -8.731746 5.877807 -7.763400 8.561480
-7.775784 8.730871 -8.723954 5.885508 -7.759630 8.560410
-7.771600 8.726560 -8.722350 5.887897 -7.763490 8.562260
-7.768634 8.723581 -8.722892 5.888229 -7.761430 8.561360
-7.766879 8.721761 -8.722575 5.888976 -7.763660 8.561400
-7.765762 8.717584 -8.725851 5.884399 -7.763500 8.561640
-7.763983 8.714586 -8.726271 5.884821 -7.763540 8.561950
-7.763294 8.713489 -8.723947 5.886081 -7.763500 8.561160
-7.762963 8.712553 -8.721020 5.889655 -7.765140 8.563830
-7.763086 8.713488 -8.723590 5.887870 -7.764850 8.563420
-7.762455 8.714167 -8.726971 5.884824 -7.762210 8.561290
-7.753295 8.722145 -8.721722 5.877297 -7.755640 8.562310
-7.717107 8.742340 -8.672468 5.908463 -7.718000 8.583120
-7.658875 8.770779 -8.617766 5.921829 -7.652310 8.598820
-7.513039 8.836058 -8.484544 5.965033 -7.493410 8.648520
-7.175297 8.982757 -8.174189 6.090960 -7.170590 8.804700
-6.640897 9.236569 -7.673959 6.310287 -6.640790 9.062700
-5.930743 9.644152 -6.932388 6.686009 -6.002860 9.402350
-5.120740 10.257790 -6.100375 7.292775 -5.192250 10.005600
-4.260731 11.080700 -5.368865 8.104410 -4.362170 10.816400
-3.414512 12.135620 -4.276047 9.176787 -3.543280 11.858900
-2.599066 13.467900 -3.422418 10.542543 -2.764650 13.154500
-1.884998 15.083310 -3.175019 12.029739 -2.055630 14.763200
-1.260100 16.974890 -2.152346 14.095677 -1.471210 16.622700
-0.766019 19.117060 -1.681673 16.265140 -1.008030 18.764600
-0.469374 21.489410 -1.612933 18.290922 -0.757957 21.155500
-0.353107 24.066230 -1.368228 21.259506 -0.699520 23.728500
-0.356192 26.850340 -1.425685 24.031861 -0.751339 26.546400
-0.405744 29.836580 -1.663508 26.672018 -0.862213 29.564900
-0.459357 33.017600 -1.585985 30.269722 -0.973487 32.785300
-0.512628 36.392400 -1.921670 33.473593 -1.093910 36.172200
-0.584304 39.835620 -1.766613 37.244043 -1.237640 39.680600
-0.669138 43.283040 -1.888133 40.710624 -1.387640 43.150900
-0.775721 46.706780 -2.252188 43.991275 -1.568000 46.604300
-0.884520 50.132480 -2.170218 47.688538 -1.750650 50.074400
-0.993630 53.521590 -2.340072 51.088510 -1.935280 53.486900
-1.089707 56.883700 -2.496194 54.476923 -2.113930 56.883400
-1.185006 60.248880 -2.677634 57.740334 -2.294930 60.298800
-1.270319 63.565850 -2.762056 61.201255 -2.458560 63.643100
-1.374798 66.868940 -2.928792 64.581036 -2.656940 66.963300
-1.472152 70.155470 -3.074529 67.897803 -2.831540 70.289200
-1.562229 73.416080 -3.237152 71.151684 -3.009780 73.557500
-1.660434 76.636610 -3.332653 74.447990 -3.183320 76.803100
-1.775229 79.852040 -3.487956 77.722494 -3.370030 80.029400
-1.895797 83.032260 -3.646239 80.996439 -3.567330 83.229900
-2.017852 86.185380 -3.797727 84.225504 -3.754060 86.416300
-2.146481 89.329260 -3.964283 87.423271 -3.955690 89.575200
-2.263400 92.442530 -4.129778 90.495076 -4.133870 92.677400
-2.372203 95.538220 -4.244163 93.720805 -4.319200 95.769400
-2.465941 98.605540 -4.367186 96.780895 -4.470170 98.864500
-2.540211 101.651500 -4.474581 99.895429 -4.605630 101.919000
-2.582148 104.696700 -4.536123 102.998767 -4.711930 104.978000
-2.595436 107.674300 -4.571998 106.046911 -4.791880 107.966000
-2.621977 110.691900 -4.629344 109.043460 -4.883680 110.989000
-2.648827 113.786700 -4.681536 112.117939 -4.983090 114.076000
-2.681214 116.967200 -4.737693 115.272820 -5.089180 117.252000
-2.721440 120.204500 -4.797427 118.570232 -5.201010 120.488000
-2.774777 123.506700 -4.873972 121.995213 -5.334540 123.789000
-2.842109 126.902400 -4.977395 125.300087 -5.476560 127.192000
-2.924595 130.351000 -5.070465 128.930957 -5.638180 130.633000
-3.024507 133.819600 -5.205615 132.433988 -5.810210 134.114000
-3.138966 137.262500 -5.349617 135.708656 -6.003520 137.531000
-3.265946 140.693500 -5.481065 139.302594 -6.202590 140.965000
-3.389718 144.095500 -5.634484 142.682204 -6.395610 144.361000
-3.526115 147.467500 -5.798533 146.065703 -6.600420 147.732000
-3.671472 150.775300 -5.969916 149.432613 -6.816320 151.036000
-3.794318 154.003900 -6.119005 152.765174 -7.009070 154.269000
-3.904131 157.172200 -6.253986 155.989713 -7.184750 157.431000
-3.996788 160.276500 -6.388371 159.118597 -7.360460 160.562000
-4.071651 163.334000 -6.478469 162.290045 -7.503540 163.649000
-4.122556 166.368900 -6.562726 165.358985 -7.630740 166.691000
-4.194278 169.380900 -6.673095 168.428363 -7.793490 169.711000
-4.264263 172.440400 -6.766945 171.393698 -7.927900 172.804000
-4.319751 175.547300 -6.858756 174.585239 -8.073890 175.937000
-4.393173 178.705600 -6.953985 177.813052 -8.222410 179.093000
-4.501446 181.892900 -7.096534 181.011273 -8.414670 182.295000
-4.607667 185.156000 -7.240323 184.400341 -8.608890 185.547000
-4.701222 188.477800 -7.383132 187.840651 -8.787040 188.891000
-4.806531 191.849500 -7.515850 191.361924 -8.974460 192.280000
-4.887285 195.207400 -7.631112 194.798548 -9.140030 195.664000
-4.976513 198.565600 -7.765492 198.062380 -9.302330 199.022000
-5.057617 201.890800 -7.873508 201.549690 -9.466010 202.375000
-5.132018 205.179500 -7.989013 204.862953 -9.631010 205.676000
-5.210165 208.394000 -8.098653 208.100429 -9.792700 208.910000
-5.281372 211.451500 -8.182914 210.837952 -9.916490 211.976000
-5.354878 214.365600 -8.268225 214.073765 -10.036400 214.905000
-5.416052 217.205700 -8.337150 216.818063 -10.152400 217.737000
-5.469074 220.014000 -8.410148 219.598636 -10.261400 220.554000
-5.505322 222.798100 -8.446297 222.320617 -10.341500 223.370000
-5.545023 225.571400 -8.489486 225.221412 -10.427800 226.171000
-5.563610 228.337300 -8.517520 227.921155 -10.478600 228.936000
-5.598680 231.130300 -8.560099 230.902726 -10.580300 231.728000
-5.715519 233.992700 -8.687569 233.834147 -10.757900 234.583000
-5.886862 236.912900 -8.874937 236.741271 -10.979200 237.522000
-6.076718 239.911700 -9.088234 239.504351 -11.235500 240.505000
-6.214931 243.011500 -9.248187 242.907785 -11.440300 243.599000
-6.364206 246.210000 -9.415042 246.048474 -11.656200 246.808000
-6.521044 249.542600 -9.578870 249.402411 -11.863700 250.134000
-6.657659 252.972000 -9.726744 252.702060 -12.076700 253.565000
-6.794881 256.491900 -9.893646 256.270225 -12.298500 257.086000
-6.924264 260.026600 -10.060802 259.821030 -12.512200 260.630000
-7.052122 263.522600 -10.222700 263.338708 -12.724000 264.145000
-7.164917 266.998200 -10.378164 266.870975 -12.916800 267.599000
-7.284815 270.457200 -10.529862 270.386023 -13.116500 271.037000
-7.417194 273.852800 -10.690121 273.809151 -13.324000 274.409000
-7.523524 277.174400 -10.827718 277.223122 -13.508400 277.716000
-7.651625 280.358300 -10.975932 280.444683 -13.705600 280.910000
-7.782923 283.414900 -11.143155 283.657739 -13.906800 283.988000
-7.918403 286.315200 -11.304235 286.597771 -14.125400 286.898000
-8.055697 289.119300 -11.464112 289.287416 -14.323600 289.746000
-8.185460 291.911300 -11.631036 292.329371 -14.530600 292.547000
-8.314789 294.668400 -11.786810 295.136182 -14.725000 295.335000
-8.425515 297.433700 -11.918883 297.946875 -14.901200 298.104000
-8.486769 300.239900 -12.010361 300.748540 -15.037500 300.913000
-8.528132 303.087600 -12.071650 303.606449 -15.150300 303.774000
-8.538802 306.012500 -12.124453 306.475683 -15.238700 306.702000
-8.512542 309.030900 -12.116718 309.592663 -15.284400 309.727000
-8.446156 312.111900 -12.078249 312.712799 -15.291600 312.822000
-8.351900 315.297900 -12.018841 315.775318 -15.286500 315.999000
-8.211642 318.520500 -11.899929 319.128484 -15.215300 319.259000
-8.031870 321.816300 -11.741948 322.413444 -15.104500 322.570000
-7.798255 325.179400 -11.530178 325.819165 -14.948000 325.951000
-7.513710 328.583000 -11.287866 329.276144 -14.757500 329.360000
-7.227060 332.070400 -11.034377 332.832085 -14.560700 332.857000
-6.930360 335.644600 -10.766608 336.438358 -14.351700 336.416000
-6.634241 339.252200 -10.494701 340.117685 -14.156100 340.012000
-6.353320 342.849100 -10.240560 343.726004 -13.947000 343.632000
-6.099343 346.409700 -10.009853 347.314212 -13.779300 347.210000
-5.858059 349.945000 -9.796455 350.913091 -13.614100 350.758000
-5.647279 353.444000 -9.591876 354.432513 -13.472100 354.258000
-5.439992 356.885000 -9.404325 357.899224 -13.336100 357.703000
-5.251048 360.315600 -9.233099 361.407247 -13.233500 361.138000
-5.098453 363.671600 -9.106353 364.814517 -13.164300 364.489000
-4.951017 366.989800 -8.973229 368.207732 -13.087900 367.802000
-4.804541 370.256900 -8.853660 371.498914 -13.018600 371.071000
