0.000000 0.000000 -0.000070 0.000938 0.000000 0.000000
-0.041803 3.575628 -0.008461 3.614382 -0.009408 3.606210
-0.083626 7.152769 -0.008903 7.202648 0.003643 7.196510
-0.125431 10.728320 0.001001 10.810474 0.011984 10.771400
-0.167141 14.303480 -0.007694 14.384521 0.001174 14.361600
-0.208176 17.881040 -0.028045 17.974184 -0.009240 17.944600
-0.253156 21.464680 -0.052239 21.558224 -0.043721 21.539000
-0.307115 25.046840 -0.088589 25.186387 -0.085163 25.118600
-0.367798 28.637120 -0.127412 28.838086 -0.119877 28.704800
-0.435716 32.231930 -0.175257 32.441262 -0.167963 32.291700
-0.509819 35.812560 -0.236944 36.051012 -0.218742 35.895900
-0.590462 39.405490 -0.300363 39.673175 -0.271897 39.488700
-0.675668 42.995920 -0.368174 43.298838 -0.323357 43.077200
-0.761728 46.596120 -0.432449 46.955782 -0.380875 46.689900
-0.822002 50.203480 -0.462231 50.498768 -0.418167 50.329200
-0.875378 53.811250 -0.488523 54.097391 -0.436580 53.931500
-0.933231 57.427770 -0.523851 57.818086 -0.470132 57.559200
-1.006715 61.042090 -0.564689 61.421359 -0.509542 61.168400
-1.078473 64.647550 -0.612466 65.083021 -0.554727 64.774100
-1.157680 68.241070 -0.666153 68.698565 -0.611951 68.369200
-1.243226 71.816000 -0.727167 72.318366 -0.671558 71.941000
-1.310252 75.365540 -0.762832 75.828930 -0.719082 75.490900
-1.337950 78.894600 -0.770709 79.371160 -0.721052 79.014600
-1.335651 82.399130 -0.745697 82.920662 -0.707972 82.512900
-1.292993 85.876960 -0.682611 86.411502 -0.647005 86.002400
-1.216671 89.333360 -0.597577 89.903982 -0.551777 89.458400
-1.101750 92.791290 -0.464499 93.400624 -0.427062 92.931800
-0.953966 96.255380 -0.301021 96.900800 -0.269612 96.405600
-0.782045 99.739680 -0.117632 100.434649 -0.087154 99.900900
-0.607718 103.278800 0.077599 104.134082 0.095522 103.459000
-0.448327 106.867200 0.247749 107.692761 0.257612 107.045000
-0.329075 110.491600 0.375054 111.425548 0.383503 110.668000
-0.253779 114.142500 0.456369 114.914745 0.469031 114.312000
-0.232571 117.811600 0.492201 118.812763 0.486250 117.994000
-0.256232 121.501300 0.475911 122.474304 0.466059 121.716000
-0.297015 125.224100 0.452081 125.986640 0.429374 125.444000
-0.353204 128.969900 0.424638 129.969774 0.398895 129.200000
-0.397623 132.733500 0.402746 133.635614 0.360460 132.966000
-0.443887 136.522600 0.376852 137.384593 0.325787 136.778000
-0.490815 140.330600 0.351297 141.312318 0.290705 140.596000
-0.550146 144.153000 0.316599 145.147350 0.253362 144.447000
-0.601569 147.961100 0.292905 149.039363 0.216902 148.296000
-0.649286 151.756200 0.278960 152.883741 0.183859 152.113000
-0.703475 155.553300 0.256851 156.680849 0.158122 155.894000
-0.758140 159.342200 0.232709 160.497263 0.128766 159.698000
-0.821014 163.126200 0.189028 164.342857 0.086646 163.496000
-0.891591 166.914300 0.154246 168.165844 0.037137 167.295000
-0.968255 170.704700 0.104879 171.911465 -0.019377 171.110000
-1.053647 174.498300 0.048661 175.874519 -0.090974 174.904000
-1.140940 178.289100 -0.013103 179.848617 -0.183299 178.684000
-1.220912 182.072200 -0.068531 183.615949 -0.244600 182.490000
-1.311919 185.843100 -0.146392 187.219868 -0.325129 186.238000
-1.400872 189.585600 -0.211251 190.860442 -0.405123 189.973000
-1.482347 193.303500 -0.268354 194.711730 -0.476858 193.724000
-1.543340 196.981600 -0.310162 198.417287 -0.524422 197.400000
-1.593225 200.619200 -0.348765 202.034066 -0.572199 201.063000
-1.629855 204.203300 -0.372568 205.776561 -0.602243 204.677000
-1.655974 207.709400 -0.384377 209.388247 -0.623576 208.211000
-1.680916 211.093700 -0.389987 212.754515 -0.644981 211.610000
-1.717659 214.345300 -0.407907 216.045914 -0.665695 214.892000
-1.758097 217.485400 -0.425439 219.208379 -0.693256 218.047000
-1.820190 220.495000 -0.472984 222.282490 -0.743136 221.082000
-1.900504 223.322800 -0.542700 225.152974 -0.813028 223.933000
-1.999321 225.946200 -0.624492 227.846893 -0.909974 226.589000
-2.113952 228.382000 -0.728269 230.294174 -1.024650 229.040000
-2.215172 230.657700 -0.822607 232.617279 -1.115880 231.328000
-2.309140 232.838300 -0.903243 234.770278 -1.203830 233.514000
-2.389577 234.991500 -0.972544 236.960147 -1.275620 235.674000
-2.458270 237.111600 -1.029324 239.115920 -1.332710 237.809000
-2.501543 239.199900 -1.066372 241.294912 -1.372740 239.922000
-2.528203 241.263900 -1.087730 243.377642 -1.390360 241.999000
-2.543393 243.355900 -1.085601 245.380340 -1.393570 244.101000
-2.546619 245.471500 -1.067439 247.560866 -1.380570 246.224000
-2.542056 247.635900 -1.044889 249.715467 -1.357790 248.389000
-2.540944 249.857300 -1.024198 251.895497 -1.345530 250.609000
-2.529475 252.145000 -0.987632 254.215245 -1.320380 252.895000
-2.522827 254.510700 -0.958936 256.537574 -1.295240 255.266000
-2.495854 256.929600 -0.911833 259.044102 -1.254620 257.679000
-2.426274 259.429500 -0.824110 261.546861 -1.158920 260.182000
-2.347909 261.939800 -0.724224 264.136161 -1.071050 262.703000
-2.249292 264.463100 -0.603375 266.635709 -0.955814 265.231000
-2.120601 266.988600 -0.451524 269.250476 -0.815153 267.767000
-1.972336 269.529300 -0.284969 271.795487 -0.652414 270.330000
-1.829452 272.089100 -0.126698 274.353389 -0.492638 272.910000
-1.700845 274.651100 0.012941 277.075207 -0.343899 275.484000
-1.585579 277.203700 0.155917 279.528709 -0.224971 278.019000
-1.489305 279.735400 0.261657 282.124990 -0.118577 280.560000
-1.431895 282.203100 0.329054 284.611763 -0.049766 283.029000
-1.411252 284.555300 0.375633 287.037767 -0.014164 285.392000
-1.423417 286.744000 0.382543 289.233585 -0.008394 287.580000
-1.477649 288.751100 0.341918 291.235848 -0.052101 289.584000
-1.597157 290.628100 0.243428 293.081137 -0.154341 291.456000
-1.834488 292.379000 0.017486 294.784323 -0.378536 293.206000
-2.209538 293.998100 -0.327451 296.360223 -0.737080 294.806000
-2.739392 295.466700 -0.839960 297.531234 -1.246490 296.252000
-3.425572 296.782800 -1.480423 299.194035 -1.897910 297.553000
-4.268559 297.943900 -2.279459 300.063106 -2.722870 298.694000
-5.270323 298.869400 -3.394806 301.482943 -3.698260 299.617000
-6.404391 299.609200 -4.577446 302.201406 -4.807400 300.318000
-7.620091 300.061900 -5.892558 302.755588 -5.949790 300.739000
-8.849753 300.287300 -7.137515 302.936630 -7.161110 300.991000
-10.136050 300.271200 -8.485296 302.640569 -8.385320 300.989000
-11.487940 299.994100 -10.111899 302.449563 -9.712800 300.725000
-12.859800 299.433800 -11.299996 301.836867 -11.098500 300.200000
-14.212510 298.521900 -12.645348 301.081391 -12.429300 299.324000
-15.569170 297.360100 -13.895206 300.118061 -13.770700 298.161000
-16.903920 295.876600 -15.307263 298.368976 -15.105200 296.677000
-18.123430 294.046700 -16.493511 296.558205 -16.330400 294.847000
-19.213810 291.862500 -17.560541 294.439850 -17.419600 292.674000
-20.129220 289.390500 -18.347441 292.007587 -18.306600 290.206000
-20.811550 286.620800 -18.909379 289.468172 -18.944400 287.481000
-21.226910 283.593100 -19.320140 286.123866 -19.335400 284.463000
-21.383580 280.311200 -19.380701 282.883748 -19.462700 281.208000
-21.289760 276.829500 -19.190291 279.360714 -19.350800 277.748000
-21.001900 273.207500 -18.760525 275.789045 -19.038300 274.113000
-20.665910 269.427900 -18.333478 272.157387 -18.666300 270.274000
-20.345860 265.509700 -17.922929 268.107404 -18.308800 266.346000
-20.070850 261.517300 -17.528236 264.047474 -18.001400 262.327000
-19.855300 257.511300 -17.223005 260.011548 -17.758900 258.301000
-19.703440 253.474600 -16.980470 255.837874 -17.578700 254.250000
-19.613680 249.416200 -16.789360 251.658397 -17.449500 250.155000
-19.551340 245.338200 -16.611683 247.492062 -17.358900 246.067000
-19.513830 241.222400 -16.476748 243.295943 -17.286000 241.943000
-19.480990 237.073200 -16.342499 239.065755 -17.216100 237.783000
-19.430400 232.892800 -16.186293 234.838395 -17.129300 233.584000
-19.355550 228.687700 -16.006467 230.564073 -17.022600 229.349000
-19.288210 224.454100 -15.839874 226.213454 -16.927100 225.118000
-19.214900 220.186300 -15.668344 221.975965 -16.813600 220.830000
-19.140510 215.891500 -15.492907 217.663779 -16.706100 216.518000
-19.053200 211.570300 -15.298726 213.344878 -16.601600 212.187000
-18.960210 207.218600 -15.108632 208.929350 -16.497700 207.824000
-18.864760 202.831800 -14.926207 204.578265 -16.373300 203.414000
-18.780810 198.440400 -14.740202 200.017141 -16.272400 199.008000
-18.697180 194.055600 -14.562523 195.619626 -16.172100 194.603000
-18.628490 189.691500 -14.394360 191.258022 -16.090900 190.226000
-18.576860 185.352500 -14.241988 186.708793 -16.013400 185.858000
-18.533400 181.031600 -14.102701 182.320907 -15.944400 181.530000
-18.510720 176.750700 -13.981550 178.015578 -15.905200 177.197000
-18.518290 172.537500 -13.895980 173.885316 -15.896200 172.942000
-18.551690 168.447100 -13.832184 169.812225 -15.894700 168.785000
-18.605030 164.539000 -13.778849 165.573245 -15.930100 164.866000
-18.662110 160.837100 -13.751416 162.061830 -15.963700 161.129000
-18.717150 157.359800 -13.722716 158.432225 -15.997700 157.597000
-18.762310 154.117300 -13.690048 155.372257 -16.019900 154.350000
-18.804370 151.111100 -13.646494 152.073905 -16.056500 151.328000
-18.837660 148.339300 -13.603217 149.264871 -16.065300 148.540000
-18.862790 145.753800 -13.560172 146.634468 -16.065700 145.931000
-18.886270 143.302400 -13.510712 144.088100 -16.069500 143.491000
-18.908720 140.992900 -13.496648 141.743905 -16.089100 141.158000
-18.926770 138.765400 -13.454835 139.261030 -16.094400 138.922000
-18.954640 136.621400 -13.432152 137.133006 -16.103200 136.743000
-18.979110 134.516900 -13.406708 134.992176 -16.116700 134.622000
-19.003890 132.428600 -13.387243 132.698077 -16.133000 132.509000
-19.011690 130.377400 -13.345057 130.607783 -16.133400 130.433000
-19.029680 128.286700 -13.329643 128.815445 -16.123700 128.312000
-19.040930 126.090400 -13.271965 126.297266 -16.129400 126.080000
-19.033980 123.792800 -13.211156 123.959251 -16.115500 123.796000
-19.007880 121.337200 -13.159155 122.217495 -16.078300 121.323000
-18.962360 118.740400 -13.029916 118.910895 -16.030600 118.712000
-18.881640 115.984300 -12.902252 116.770286 -15.939500 115.959000
-18.762610 113.072100 -12.696555 113.314476 -15.792700 113.024000
-18.592730 110.010400 -12.451443 110.415967 -15.616200 109.978000
-18.389740 106.796500 -12.172833 107.222946 -15.390600 106.757000
-18.187250 103.411100 -11.891571 104.066616 -15.170200 103.361000
-17.972000 99.881710 -11.591440 100.321987 -14.950000 99.797100
-17.753740 96.208550 -11.294477 96.728676 -14.720400 96.113200
-17.543660 92.393230 -10.981414 92.843906 -14.487500 92.268800
-17.350650 88.454130 -10.702040 89.064338 -14.272600 88.277700
-17.188340 84.351710 -10.432901 84.822901 -14.099000 84.185000
-17.048280 80.126460 -10.175004 80.573463 -13.934300 79.966800
-16.938900 75.757520 -9.975979 76.159502 -13.811900 75.591600
-16.844870 71.334520 -9.775872 71.692517 -13.691900 71.149000
-16.779170 66.924620 -9.600848 67.247278 -13.607100 66.745100
-16.723740 62.522540 -9.435453 62.783064 -13.522000 62.299000
-16.677280 58.118530 -9.283738 58.318214 -13.450100 57.893700
-16.622860 53.735190 -9.119434 53.917127 -13.379700 53.510100
-16.554460 49.366830 -8.942973 49.586971 -13.285900 49.141800
-16.478250 45.013820 -8.768491 45.104233 -13.191000 44.780700
-16.401830 40.697890 -8.593438 40.737192 -13.104400 40.464800
-16.332450 36.396840 -8.430025 36.502288 -13.025600 36.148700
-16.264000 32.124710 -8.260813 32.095487 -12.944900 31.862500
-16.212760 27.867600 -8.114228 27.771684 -12.872800 27.591200
-16.153630 23.646100 -7.956468 23.622201 -12.795800 23.368100
-16.100440 19.472550 -7.810667 19.522752 -12.729900 19.172800
-16.057300 15.332990 -7.664544 15.301576 -12.660100 15.026100
-15.999870 11.221520 -7.504640 11.107424 -12.581400 10.901400
-15.957640 7.122797 -7.361924 6.954149 -12.521200 6.797500
-15.925900 3.038918 -7.232927 2.826620 -12.472300 2.680640
-15.871210 -1.063172 -7.079028 -1.301261 -12.395500 -1.432060
-15.823200 -5.192326 -6.936246 -5.479128 -12.333300 -5.581320
-15.773900 -9.357139 -6.792264 -9.594334 -12.265300 -9.755470
-15.722330 -13.547460 -6.646361 -13.802003 -12.199200 -13.975900
-15.675190 -17.764350 -6.495251 -18.187203 -12.126200 -18.189600
-15.629860 -22.003930 -6.350951 -22.332334 -12.071600 -22.415400
-15.590270 -26.267830 -6.213139 -26.558794 -12.003200 -26.702300
-15.536760 -30.547830 -6.050840 -30.917785 -11.927700 -30.989700
-15.493260 -34.819990 -5.897009 -35.265585 -11.851400 -35.299500
-15.444100 -39.082170 -5.737212 -39.608947 -11.768600 -39.582200
-15.392450 -43.322590 -5.583503 -43.882519 -11.698600 -43.816700
-15.337830 -47.537950 -5.426239 -48.069180 -11.613000 -48.025300
-15.276960 -51.748500 -5.243131 -52.346164 -11.518500 -52.244400
-15.217710 -55.949500 -5.082588 -56.543896 -11.427800 -56.447400
-15.170080 -60.150690 -4.928000 -60.787578 -11.356000 -60.658900
-15.128010 -64.350760 -4.776990 -65.040715 -11.275300 -64.894800
-15.091410 -68.538780 -4.646712 -69.225616 -11.214000 -69.098100
-15.064380 -72.708390 -4.514622 -73.443395 -11.148600 -73.267700
-15.030840 -76.856420 -4.374835 -77.706890 -11.081900 -77.435300
-14.979300 -80.953600 -4.215287 -81.932662 -11.000300 -81.529800
-14.924670 -85.034950 -4.088471 -85.881181 -10.911000 -85.618300
-14.873980 -89.070400 -3.922181 -90.153610 -10.833200 -89.644000
-14.824260 -93.076720 -3.777633 -94.110895 -10.764000 -93.647200
-14.787030 -97.045510 -3.649893 -98.109750 -10.696700 -97.634800
-14.758540 -100.983800 -3.529146 -102.159931 -10.645400 -101.595000
-14.739600 -104.892000 -3.435318 -105.909622 -10.612500 -105.513000
-14.728240 -108.762900 -3.318852 -110.005806 -10.567300 -109.406000
-14.724790 -112.605400 -3.229472 -113.894478 -10.541600 -113.241000
-14.717800 -116.411100 -3.142285 -117.655448 -10.514200 -117.044000
-14.709830 -120.173400 -3.048398 -121.333498 -10.484600 -120.814000
-14.700540 -123.867100 -2.953212 -124.987611 -10.449700 -124.528000
-14.698520 -127.485200 -2.869266 -128.629644 -10.428100 -128.152000
-14.712330 -131.008900 -2.796251 -132.207824 -10.410800 -131.689000
-14.733340 -134.417400 -2.739722 -135.670035 -10.412600 -135.121000
-14.752330 -137.654200 -2.683632 -138.892071 -10.400000 -138.379000
-14.773570 -140.676300 -2.636850 -141.915625 -10.396300 -141.410000
-14.808450 -143.452200 -2.605894 -144.748320 -10.411900 -144.254000
-14.818770 -145.963300 -2.570984 -147.228240 -10.410700 -146.787000
-14.688160 -148.224500 -2.371982 -149.599405 -10.268100 -149.042000
-14.364200 -150.225000 -2.004443 -151.651949 -9.946180 -151.012000
-13.833420 -151.950400 -1.449474 -153.385302 -9.424020 -152.682000
-13.082430 -153.424000 -0.686938 -154.794212 -8.684070 -154.086000
-12.093300 -154.666400 0.543118 -155.943911 -7.738650 -155.253000
-10.901070 -155.630100 1.676039 -157.141328 -6.611400 -156.156000
-9.567123 -156.277800 3.041899 -157.904699 -5.380850 -156.767000
-8.174402 -156.635100 4.539109 -158.151083 -3.986600 -157.068000
-6.734167 -156.651000 6.076886 -157.954169 -2.632310 -157.110000
-5.261917 -156.393600 7.453232 -157.726061 -1.212770 -156.882000
-3.838336 -155.807800 8.995080 -157.231902 0.172791 -156.303000
-2.480572 -154.890600 10.361307 -156.286455 1.497370 -155.396000
-1.268487 -153.640100 11.541590 -154.976847 2.636930 -154.197000
-0.226137 -152.060600 12.487965 -153.318513 3.687900 -152.653000
0.552355 -150.216600 13.278008 -151.316219 4.435360 -150.850000
1.048250 -148.112500 13.550183 -149.441422 4.901680 -148.772000
1.348496 -145.760400 13.917207 -146.761164 5.162260 -146.454000
1.463451 -143.197700 13.852715 -144.261478 5.219200 -143.897000
1.471319 -140.450900 13.594874 -141.625231 5.175240 -141.157000
1.499366 -137.518100 13.605152 -138.442439 5.151040 -138.252000
1.504501 -134.421900 13.457803 -135.282760 5.098340 -135.140000
1.498560 -131.160300 13.301715 -131.889304 5.024440 -131.866000
1.470024 -127.744100 13.119142 -128.454292 4.934990 -128.419000
1.436723 -124.185000 12.928111 -124.892021 4.827310 -124.806000
1.413177 -120.491700 12.720007 -121.411541 4.727890 -121.083000
1.405768 -116.657200 12.570713 -117.387517 4.656480 -117.217000
1.385028 -112.695000 12.354254 -113.541858 4.560680 -113.217000
1.330549 -108.592800 12.172298 -109.088209 4.435670 -109.107000
1.259616 -104.367900 11.932503 -104.817387 4.295950 -104.877000
1.170075 -100.007600 11.671535 -100.369613 4.135400 -100.474000
1.089274 -95.515710 11.409912 -95.796380 3.979870 -95.943800
1.009148 -90.982260 11.138289 -91.193271 3.808220 -91.382800
0.939998 -86.466900 10.878288 -86.624675 3.669280 -86.853100
0.883448 -81.949500 10.629330 -82.087217 3.523540 -82.327800
0.838174 -77.439600 10.392564 -77.538812 3.389560 -77.826900
0.800315 -72.936360 10.160243 -73.057131 3.264840 -73.322000
0.745043 -68.462600 9.899823 -68.462475 3.112020 -68.832600
0.694630 -64.005150 9.648610 -63.869630 2.979480 -64.380900
0.637038 -59.575570 9.397235 -59.296561 2.839070 -59.927800
0.557118 -55.160600 9.127185 -54.747105 2.676310 -55.506700
0.456132 -50.778540 8.845365 -50.348015 2.490160 -51.110900
0.362164 -46.417970 8.571468 -46.042217 2.310780 -46.735800
0.280628 -42.079120 8.308427 -41.720906 2.145540 -42.374300
0.202969 -37.762520 8.048637 -37.424297 1.990510 -38.060900
0.132669 -33.463810 7.795630 -33.120807 1.838330 -33.750900
0.084829 -29.193990 7.555848 -28.773332 1.703720 -29.453900
0.052569 -24.947680 7.331688 -24.395383 1.585560 -25.174900
0.032329 -20.738440 7.142852 -20.217786 1.479980 -20.959800
0.025161 -16.550260 6.952558 -15.943551 1.382260 -16.740300
0.021588 -12.403820 6.766875 -11.672991 1.299940 -12.558200
-0.000537 -8.285137 6.576700 -7.837224 1.194140 -8.393500
-0.031141 -4.183286 6.375164 -3.360665 1.085220 -4.249610
-0.072897 -0.090700 6.165449 0.410910 0.970873 -0.131591
-0.117565 3.988036 5.960101 4.555289 0.851717 3.971200
-0.160177 8.059835 5.746663 8.611989 0.733704 8.044330
-0.208154 12.123170 5.511645 12.746988 0.606380 12.133600
-0.248220 16.180930 5.317860 16.911561 0.497391 16.190600
-0.283357 20.233300 5.114553 20.952943 0.372120 20.256200
-0.323376 24.273080 4.896303 25.064923 0.258509 24.302800
-0.367457 28.293060 4.683862 29.097734 0.126487 28.338600
-0.413998 32.282480 4.465686 33.075247 0.005314 32.318600
-0.451537 36.243360 4.261299 37.209881 -0.102915 36.282400
-0.483912 40.173770 4.067350 41.100538 -0.199341 40.221700
-0.534623 44.076020 3.858873 45.055265 -0.323476 44.120700
-0.599992 47.961110 3.629825 49.061289 -0.453829 48.011700
-0.674006 51.810410 3.404875 52.976792 -0.577356 51.880700
-0.762477 55.629480 3.159006 56.818989 -0.735630 55.685600
-0.859787 59.434080 2.923592 60.512276 -0.887664 59.483000
-0.962179 63.207400 2.671888 64.394039 -1.053020 63.259200
-1.068654 66.953700 2.422440 68.020113 -1.223160 66.998800
-1.188155 70.668750 2.145696 71.859267 -1.406020 70.708300
-1.293464 74.341090 1.897266 75.550007 -1.577510 74.409000
-1.359396 77.886940 1.688477 79.090894 -1.706050 77.967100
-1.402951 81.267680 1.503542 82.490958 -1.814490 81.347000
-1.402636 84.557510 1.368544 85.807362 -1.876280 84.646000
-1.391329 87.836530 1.249299 89.064277 -1.929220 87.942900
-1.372397 91.075680 1.131794 92.353390 -1.971270 91.196300
-1.348852 94.282140 1.027695 95.545546 -2.001870 94.416200
-1.346362 97.452060 0.891889 98.854591 -2.073420 97.621000
-1.397412 100.636400 0.708709 101.965253 -2.186730 100.830000
-1.507808 103.868200 0.454299 105.318688 -2.352380 104.085000
-1.686244 107.147500 0.145321 108.645942 -2.612560 107.393000
-1.855701 110.482100 -0.154246 112.002606 -2.850850 110.743000
-1.949092 113.881100 -0.392573 115.458563 -3.015470 114.164000
-1.940135 117.341400 -0.526632 118.987735 -3.071390 117.644000
-1.833080 120.865900 -0.533927 122.613733 -3.030710 121.203000
-1.665951 124.465900 -0.521554 125.959815 -2.929420 124.810000
-1.454190 128.142800 -0.438733 130.039410 -2.792980 128.507000
-1.212752 131.910500 -0.367378 133.851718 -2.634530 132.323000
-0.998254 135.780800 -0.323921 137.691622 -2.496740 136.202000
-0.860070 139.749100 -0.344903 141.342593 -2.446530 140.183000
-0.808213 143.817500 -0.463640 145.542671 -2.481440 144.269000
-0.818199 147.962100 -0.645694 149.840112 -2.574740 148.424000
-0.863698 152.201700 -0.867120 154.103740 -2.704320 152.666000
-0.925229 156.508200 -1.107679 158.384656 -2.852940 156.980000
-1.007339 160.831700 -1.371540 162.696943 -3.020630 161.313000
-1.112662 165.144700 -1.657564 166.999240 -3.215730 165.610000
-1.225583 169.454500 -1.954336 171.376077 -3.421330 169.949000
-1.333194 173.746700 -2.235583 175.635373 -3.604810 174.251000
-1.427528 178.011200 -2.513903 180.006338 -3.792480 178.518000
-1.498241 182.250200 -2.755729 184.294593 -3.946450 182.775000
-1.559212 186.455600 -2.983445 188.491677 -4.092750 186.983000
-1.603074 190.634400 -3.188727 192.636467 -4.209290 191.185000
-1.633867 194.776400 -3.385744 196.770516 -4.319150 195.351000
-1.669867 198.889600 -3.591453 200.925121 -4.437560 199.467000
-1.705984 202.969800 -3.806618 205.095766 -4.558300 203.573000
-1.737778 207.012200 -4.011642 209.244537 -4.695460 207.652000
-1.768399 211.025100 -4.215108 213.280170 -4.816000 211.679000
-1.802728 214.966700 -4.420756 217.227468 -4.933770 215.644000
-1.842513 218.742600 -4.623663 220.985384 -5.058610 219.446000
-1.895168 222.285200 -4.846136 224.668552 -5.196100 223.011000
-1.971966 225.567200 -5.077990 228.004740 -5.360120 226.304000
-2.073778 228.574200 -5.322204 231.062132 -5.531510 229.327000
-2.174190 231.286800 -5.537959 233.713090 -5.705280 232.073000
-2.280068 233.718900 -5.770861 236.311292 -5.860700 234.522000
-2.372559 236.037200 -5.963945 238.638248 -6.014270 236.839000
-2.421540 238.338400 -6.117675 240.992319 -6.110910 239.168000
-2.457471 240.613800 -6.244825 243.309917 -6.192500 241.459000
-2.477940 242.858500 -6.334969 245.412754 -6.240430 243.724000
-2.487604 245.075200 -6.426858 247.805858 -6.279530 245.949000
-2.497272 247.315700 -6.510550 250.047825 -6.305660 248.205000
-2.506486 249.599100 -6.604853 252.328699 -6.346450 250.495000
-2.503453 251.921600 -6.690180 254.612023 -6.375320 252.825000
-2.498934 254.303700 -6.776620 257.066634 -6.411090 255.212000
-2.475778 256.706800 -6.846642 259.447599 -6.428230 257.623000
-2.418788 259.175900 -6.887233 261.992789 -6.410450 260.100000
-2.357178 261.687800 -6.932182 264.469337 -6.396730 262.637000
-2.278446 264.282700 -6.957658 267.086165 -6.378450 265.255000
-2.181048 266.960400 -6.974659 269.797714 -6.333850 267.940000
-2.072995 269.711700 -6.986163 272.590500 -6.286260 270.728000
-1.977183 272.515600 -7.006200 275.431173 -6.250430 273.542000
-1.903306 275.322000 -7.045532 278.267326 -6.223990 276.358000
-1.860171 278.121700 -7.111777 281.122099 -6.223650 279.171000
-1.834878 280.906700 -7.199949 283.923696 -6.249210 281.978000
-1.820378 283.662600 -7.304553 286.752632 -6.278340 284.725000
-1.821293 286.355900 -7.396751 289.453301 -6.324690 287.430000
-1.835812 288.890500 -7.509073 292.020379 -6.387600 289.966000
-1.843827 291.365700 -7.620664 294.508376 -6.444830 292.443000
-1.840209 293.812200 -7.735471 296.993915 -6.496830 294.900000
-1.823832 296.231700 -7.813979 299.433538 -6.526340 297.352000
-1.812035 298.624300 -7.907245 301.895659 -6.553910 299.763000
