0.000000 0.000000 -0.004298 0.002171 0.000000 0.000000
-0.017534 0.283467 -0.030349 0.289967 -0.026075 0.285415
-0.060000 0.627936 -0.077165 0.640073 -0.084344 0.626040
-0.141534 1.081913 -0.173956 1.090546 -0.176114 1.075450
-0.293459 1.604140 -0.346494 1.612490 -0.333160 1.563800
-0.522492 2.173020 -0.586053 2.181866 -0.573093 2.124650
-0.839493 2.758285 -0.898524 2.816620 -0.866724 2.665060
-1.242764 3.333105 -1.257294 3.226018 -1.236060 3.218250
-1.761568 3.880703 -1.754135 3.897919 -1.702440 3.721560
-2.415527 4.382391 -2.377886 4.297888 -2.331180 4.231880
-3.215512 4.824434 -3.192929 4.864129 -3.107090 4.684320
-4.177130 5.153468 -4.230698 5.202444 -4.051460 4.987890
-5.299329 5.360943 -5.452860 5.445093 -5.136130 5.207660
-6.558994 5.427674 -6.509350 5.443983 -6.356950 5.264090
-7.950411 5.389282 -8.129623 5.424340 -7.716530 5.213520
-9.480377 5.263869 -9.739836 5.264957 -9.237610 5.089170
-11.152740 5.088360 -11.434178 5.073108 -10.897900 4.911770
-12.964270 4.901812 -13.201429 4.855661 -12.721300 4.715040
-14.913410 4.697363 -15.256231 4.642810 -14.663200 4.511000
-17.004780 4.494630 -17.079317 4.431468 -16.778700 4.295080
-19.224270 4.290984 -19.616970 4.218507 -18.992700 4.083380
-21.564480 4.100217 -21.583978 3.997156 -21.322900 3.878620
-23.969500 3.908970 -24.197537 3.790434 -23.731000 3.675000
-26.461360 3.716343 -26.551418 3.561496 -26.212200 3.460830
-28.997620 3.492898 -29.088996 3.317813 -28.738700 3.237570
-31.515860 3.271990 -31.549148 3.080025 -31.252300 3.012850
-34.026260 3.051261 -34.093967 2.838570 -33.742500 2.789200
-36.533450 2.843137 -36.560890 2.615867 -36.236300 2.564710
-39.049180 2.638855 -39.090757 2.388327 -38.745400 2.358130
-41.538400 2.436154 -41.587248 2.163949 -41.209100 2.142060
-44.015190 2.223683 -44.078848 1.926340 -43.659700 1.920170
-46.483350 2.028253 -46.480407 1.714124 -46.130600 1.721860
-48.933140 1.820295 -48.914915 1.486633 -48.556600 1.495170
-51.328710 1.575304 -51.177706 1.232957 -50.943400 1.243930
-53.701960 1.337479 -53.591127 0.968291 -53.312200 0.999461
-56.038080 1.110756 -55.991992 0.714111 -55.640400 0.762332
-58.330390 0.883063 -58.268791 0.463635 -57.943200 0.525566
-60.536580 0.662366 -60.572392 0.205110 -60.146600 0.291342
-62.620220 0.461718 -62.547427 0.023008 -62.237400 0.074897
-64.570470 0.320188 -64.681467 -0.182828 -64.192100 -0.074130
-66.375630 0.255567 -66.475876 -0.258769 -66.019500 -0.149896
-67.990520 0.345560 -68.181588 -0.211750 -67.639500 -0.066245
-69.403760 0.611089 -69.694147 0.042090 -69.058400 0.175855
-70.681710 1.080744 -71.076570 0.468390 -70.300100 0.606466
-71.814190 1.753829 -72.265821 1.086927 -71.433600 1.258620
-72.810710 2.601772 -73.287941 1.929950 -72.478000 2.089690
-73.659320 3.554385 -73.448565 2.899022 -73.368500 3.072240
-74.401710 4.718510 -74.906858 4.169698 -74.107700 4.233540
-75.018160 6.110247 -75.359732 5.649110 -74.751500 5.650610
-75.539300 7.706095 -75.756413 7.383872 -75.272200 7.256590
-75.980690 9.486418 -75.879516 8.908638 -75.710600 9.042200
-76.379030 11.414990 -76.557659 11.257334 -76.135400 10.995100
-76.702710 13.494070 -76.669685 12.953740 -76.479400 13.078300
-76.964630 15.687850 -77.107968 15.585031 -76.765400 15.287800
-77.198810 17.993590 -77.312062 17.888955 -77.018500 17.583500
-77.402440 20.301510 -77.558630 20.246653 -77.237200 19.887900
-77.573400 22.614340 -77.723785 22.540373 -77.434700 22.198800
-77.734200 24.898110 -77.927763 24.830294 -77.624900 24.461200
-77.908780 27.180670 -78.097324 27.024285 -77.810300 26.751700
-78.064690 29.440670 -78.229322 29.182719 -77.975600 29.010500
-78.198100 31.701300 -78.382202 31.441055 -78.114200 31.263900
-78.346240 34.000930 -78.541048 33.755474 -78.267100 33.577700
-78.507180 36.347540 -78.733852 36.198938 -78.432800 35.944400
-78.700400 38.735230 -78.921962 38.384631 -78.625800 38.303600
-78.895930 41.194680 -79.143100 41.032502 -78.837300 40.751700
-79.100340 43.724740 -79.371897 43.595628 -79.054400 43.264200
-79.318630 46.299200 -79.612497 46.019005 -79.275700 45.832100
-79.508610 48.902070 -79.844495 48.671325 -79.471500 48.441600
-79.697420 51.529450 -80.018275 51.221266 -79.661000 51.069400
-79.900390 54.113500 -80.230671 53.799277 -79.852700 53.665500
-80.092730 56.670630 -80.425281 56.343654 -80.044100 56.227400
-80.280860 59.213100 -80.649293 59.036020 -80.218500 58.776900
-80.474010 61.695670 -80.825764 61.398702 -80.414800 61.254200
-80.696040 64.136290 -81.089754 64.033907 -80.645200 63.699200
-80.945180 66.559290 -81.367257 66.432515 -80.913100 66.104000
-81.219160 68.948800 -81.668623 68.958195 -81.185500 68.508800
-81.542260 71.291910 -82.003216 71.212736 -81.506700 70.844100
-81.910890 73.584740 -82.363251 73.515314 -81.853300 73.122400
-82.326990 75.851980 -82.764441 75.750986 -82.247200 75.410700
-82.765640 78.069230 -83.202552 77.990678 -82.670100 77.634000
-83.284090 80.280970 -83.730847 80.324014 -83.189300 79.847800
-83.856430 82.430700 -84.316917 82.423610 -83.763300 81.977600
-84.492780 84.584160 -84.988853 84.544459 -84.414000 84.125400
-85.212300 86.715560 -85.738965 86.686939 -85.151100 86.240600
-85.996320 88.820790 -86.538213 88.772184 -85.945000 88.344100
-86.860390 90.918090 -87.433570 90.926270 -86.822700 90.454200
-87.802500 93.003510 -88.392649 93.055103 -87.762800 92.556200
-88.749010 95.068170 -89.308860 95.089221 -88.686500 94.625900
-89.747960 97.163510 -90.358196 97.260572 -89.672800 96.692700
-90.774930 99.219550 -91.374437 99.269656 -90.717300 98.794300
-91.840000 101.277400 -92.445418 101.334455 -91.779000 100.867000
-92.914780 103.296100 -93.516686 103.331999 -92.853100 102.894000
-94.015070 105.267400 -94.607154 105.316552 -93.946000 104.879000
-95.123350 107.187800 -95.706142 107.190955 -95.026400 106.805000
-96.223200 109.067700 -96.809496 109.082829 -96.097700 108.680000
-97.263380 110.813500 -97.864164 110.857161 -97.133000 110.451000
-98.241750 112.423300 -98.844603 112.430066 -98.102400 112.071000
-99.124850 113.865700 -99.768847 113.969753 -98.990600 113.518000
-99.918840 115.113700 -100.537452 115.137861 -99.781600 114.777000
-100.633200 116.204600 -101.231084 116.233685 -100.485000 115.875000
-101.305600 117.126600 -101.901614 117.210632 -101.126000 116.789000
-101.873900 117.899200 -102.447116 117.983039 -101.688000 117.572000
-102.405300 118.508600 -102.949980 118.602270 -102.200000 118.192000
-102.901800 118.981600 -103.385920 119.096607 -102.677000 118.665000
-103.418300 119.366800 -103.871355 119.553026 -103.165000 119.067000
-103.954800 119.734800 -104.370862 119.967605 -103.657000 119.437000
-104.533600 120.029100 -104.923856 120.308299 -104.215000 119.743000
-105.136200 120.256600 -105.474672 120.606499 -104.789000 119.974000
-105.801600 120.452000 -106.161921 120.770892 -105.385000 120.150000
-106.640800 120.599400 -106.993326 120.893194 -106.187000 120.317000
-107.630100 120.643400 -107.974903 120.876754 -107.116000 120.353000
-108.711300 120.530800 -109.061733 120.719449 -108.151000 120.259000
-109.893600 120.252600 -110.285140 120.357623 -109.356000 119.977000
-111.159800 119.776100 -111.415723 119.903030 -110.642000 119.488000
-112.496700 119.062200 -112.924628 119.053645 -111.955000 118.778000
-113.898700 118.106700 -114.428560 118.012091 -113.337000 117.819000
-115.384500 116.988900 -115.472416 117.054058 -114.770000 116.727000
-116.978000 115.737300 -117.796805 115.366338 -116.323000 115.469000
-118.659900 114.366200 -119.678725 113.758134 -117.994000 114.082000
-120.438900 112.893300 -121.554249 112.100420 -119.776000 112.583000
-122.328200 111.322200 -122.311734 111.129947 -121.638000 110.992000
-124.284900 109.650200 -124.913639 108.983319 -123.621000 109.287000
-126.332000 107.913600 -126.605060 107.359407 -125.666000 107.546000
-128.461900 106.101400 -128.611051 105.539344 -127.776000 105.714000
-130.662300 104.214900 -130.729850 103.572242 -129.981000 103.791000
-132.923400 102.303500 -132.725885 101.761962 -132.223000 101.850000
-135.189200 100.390400 -135.070018 99.642123 -134.477000 99.905100
-137.468500 98.469440 -137.259912 97.650370 -136.718000 97.951100
-139.748000 96.546090 -139.363635 95.737082 -138.947000 96.002000
-142.020800 94.620440 -141.544577 93.732322 -141.169000 94.055400
-144.286200 92.690670 -143.728794 91.718013 -143.366000 92.101300
-146.547500 90.774040 -145.915225 89.719379 -145.567000 90.162700
-148.833300 88.871460 -148.178430 87.678331 -147.793000 88.242400
-151.113400 86.978090 -150.367900 85.717945 -150.014000 86.326100
-153.379000 85.085390 -152.520494 83.790130 -152.234000 84.400500
-155.629200 83.206150 -154.678050 81.846897 -154.438000 82.495100
-157.861400 81.326710 -156.852418 79.864135 -156.643000 80.569800
-160.058500 79.464550 -158.925439 77.979295 -158.822000 78.664400
-162.221300 77.608580 -161.053470 76.024801 -160.930000 76.812800
-164.376700 75.774280 -163.150574 74.125570 -163.058000 74.962900
-166.524800 73.967130 -165.224921 72.249264 -165.169000 73.121700
-168.668400 72.191080 -167.308528 70.383688 -167.250000 71.332600
-170.783100 70.468000 -169.354126 68.549051 -169.307000 69.572100
-172.829900 68.807490 -171.298738 66.816413 -171.298000 67.851900
-174.785600 67.216050 -173.240509 65.079350 -173.200000 66.222700
-176.663800 65.684200 -175.013709 63.497850 -175.039000 64.638100
-178.444800 64.197390 -176.780383 61.921313 -176.790000 63.138100
-180.100300 62.765190 -178.417546 60.456495 -178.446000 61.710300
-181.648600 61.419590 -179.962548 59.057666 -180.000000 60.356600
-183.088500 60.110320 -181.375815 57.710136 -181.454000 59.044100
-184.404500 58.801210 -182.658585 56.360692 -182.749000 57.732600
-185.549500 57.458340 -183.764998 54.961408 -183.861000 56.398700
-186.455000 56.066080 -184.583871 53.583024 -184.742000 55.024700
-187.120600 54.647590 -185.217913 52.178720 -185.363000 53.707800
-187.525600 53.213090 -185.560401 50.824613 -185.756000 52.323700
-187.748500 51.772320 -185.764804 49.370250 -185.981000 50.912700
-187.716500 50.330420 -185.668299 47.960644 -185.984000 49.455900
-187.519800 48.954720 -185.370736 46.624015 -185.766000 48.087300
-187.091900 47.667580 -184.832589 45.570843 -185.349000 46.812100
-186.478200 46.430560 -184.258526 44.182920 -184.746000 45.587000
-185.743700 45.217520 -183.429078 43.052263 -183.986000 44.403000
-184.898100 44.044150 -182.496991 41.890655 -183.102000 43.257400
-183.968900 42.858990 -181.476283 40.775585 -182.152000 42.100300
-182.972800 41.628580 -180.499318 39.745453 -181.124000 40.884800
-181.887200 40.344680 -179.236604 38.257312 -180.017000 39.614400
-180.726700 38.951790 -178.180730 37.205091 -178.848000 38.251100
-179.492700 37.459110 -176.867015 35.706600 -177.585000 36.803200
-178.162100 35.849180 -175.423359 34.079986 -176.219000 35.198400
-176.710600 34.142700 -173.955030 32.502133 -174.753000 33.487000
-175.171800 32.296660 -172.301227 30.634814 -173.186000 31.665000
-173.559000 30.363270 -170.617634 28.765841 -171.551000 29.764000
-171.867000 28.346750 -168.877507 26.801332 -169.832000 27.743200
-170.123400 26.259270 -167.068244 24.757887 -168.083000 25.683400
-168.337100 24.097840 -165.145580 22.601868 -166.244000 23.534100
-166.581500 21.908660 -163.265126 20.430375 -164.429000 21.381900
-164.835100 19.714670 -161.368223 18.271195 -162.608000 19.238600
-163.104500 17.573870 -159.613928 16.316320 -160.829000 17.121400
-161.377300 15.429150 -157.659463 14.038851 -159.046000 15.007300
-159.682200 13.303470 -155.918927 12.031018 -157.288000 12.912100
-158.088000 11.153610 -154.203714 9.932791 -155.628000 10.809300
-156.652500 8.940913 -152.753128 7.908189 -154.121000 8.613980
-155.433700 6.640524 -151.289169 5.463905 -152.824000 6.317900
-154.451100 4.275819 -150.132698 3.024489 -151.768000 3.942390
-153.690900 1.836084 -149.351611 0.827075 -150.928000 1.516890
-153.116700 -0.684920 -148.512720 -2.045444 -150.285000 -1.014640
-152.659200 -3.301845 -147.958282 -4.637125 -149.763000 -3.630310
-152.323800 -6.003442 -147.531441 -7.323742 -149.366000 -6.328360
-152.034900 -8.818435 -147.161247 -10.025926 -149.018000 -9.118710
-151.705400 -11.696490 -146.757953 -12.748558 -148.617000 -12.014300
-151.368100 -14.689410 -146.277163 -15.771635 -148.219000 -14.986900
-151.018300 -17.760610 -145.840443 -18.668685 -147.808000 -18.039000
-150.658400 -20.884570 -145.359015 -21.782487 -147.371000 -21.162600
-150.317300 -24.039630 -144.869859 -25.027211 -146.968000 -24.296800
-149.995500 -27.198720 -144.407333 -28.175141 -146.573000 -27.434200
-149.688200 -30.326210 -143.956812 -31.257795 -146.187000 -30.548700
-149.392500 -33.448800 -143.520943 -34.415131 -145.808000 -33.652500
-149.124700 -36.525700 -143.113878 -37.496073 -145.466000 -36.726800
-148.881400 -39.588890 -142.739279 -40.460995 -145.148000 -39.776400
-148.663600 -42.621440 -142.387072 -43.544369 -144.872000 -42.809200
-148.444100 -45.622170 -142.045737 -46.624040 -144.596000 -45.811200
-148.225800 -48.590750 -141.728471 -49.500249 -144.334000 -48.769400
-148.013500 -51.538440 -141.420850 -52.397373 -144.069000 -51.720600
-147.797700 -54.448530 -141.075218 -55.404601 -143.793000 -54.643800
-147.579700 -57.330200 -140.758241 -58.188822 -143.503000 -57.515300
-147.341500 -60.171640 -140.377744 -61.136976 -143.197000 -60.350700
-147.099100 -62.956470 -140.030293 -63.875519 -142.892000 -63.129200
-146.873600 -65.641890 -139.710169 -66.480099 -142.610000 -65.809300
-146.684200 -68.188960 -139.397416 -69.185214 -142.383000 -68.358200
-146.575000 -70.550950 -139.240976 -71.367603 -142.236000 -70.729000
-146.515200 -72.689370 -139.121733 -73.520845 -142.153000 -72.886400
-146.496000 -74.588600 -139.036323 -75.490778 -142.116000 -74.798400
-146.520100 -76.249210 -138.998956 -77.159487 -142.109000 -76.450500
-146.562400 -77.644470 -138.996771 -78.682514 -142.106000 -77.852400
-146.614700 -78.752900 -139.392516 -80.300472 -142.129000 -78.996400
-146.644400 -79.571930 -139.597875 -82.343318 -142.101000 -79.828700
-146.661300 -80.195760 -139.561513 -82.481117 -142.076000 -80.465000
-146.655800 -80.746170 -139.108629 -82.981513 -142.081000 -81.014500
-146.626400 -81.202170 -138.766644 -83.437984 -142.058000 -81.498100
-146.606400 -81.580050 -138.729802 -83.804270 -142.038000 -81.889800
-146.554400 -81.887990 -138.698657 -84.132790 -141.988000 -82.215300
-146.509800 -82.072680 -138.648873 -84.292079 -141.954000 -82.392100
-146.481300 -82.147900 -138.634231 -84.362334 -141.938000 -82.473900
-146.467500 -82.144490 -138.639230 -84.351725 -141.940000 -82.459200
-146.474300 -82.148460 -138.635065 -84.358874 -141.927000 -82.479900
-146.483700 -82.145920 -138.625137 -84.351858 -141.934000 -82.483500
-146.487400 -82.144780 -138.644159 -84.371510 -141.946000 -82.475200
-146.492900 -82.150980 -138.635920 -84.354670 -141.935000 -82.472600
-146.495200 -82.155360 -138.626174 -84.354304 -141.935000 -82.473600
-146.494300 -82.156570 -138.649262 -84.366969 -141.934000 -82.473800
-146.487800 -82.148430 -138.623211 -84.355344 -141.933000 -82.472300
-146.487300 -82.140910 -138.626119 -84.351271 -141.935000 -82.471700
-146.486500 -82.135050 -138.628187 -84.358163 -141.935000 -82.473900
-146.488100 -82.132520 -138.620994 -84.358740 -141.926000 -82.471100
-146.489000 -82.133460 -138.652309 -84.357740 -141.934000 -82.470800
-146.484700 -82.133480 -138.654821 -84.359801 -141.934000 -82.464500
-146.484900 -82.133510 -138.632786 -84.363891 -141.931000 -82.474600
-146.480100 -82.133670 -138.647792 -84.367011 -141.928000 -82.470000
-146.472100 -82.131890 -138.629759 -84.363881 -141.929000 -82.469900
-146.477500 -82.133220 -138.654102 -84.361305 -141.933000 -82.469800
-146.525000 -82.162010 -138.634941 -84.354825 -141.935000 -82.470700
-146.565900 -82.217300 -138.615301 -84.376770 -141.926000 -82.495800
-146.590600 -82.310130 -138.584013 -84.438473 -141.896000 -82.563200
-146.581800 -82.426170 -138.545024 -84.527378 -141.846000 -82.656500
-146.551800 -82.574220 -138.493436 -84.659669 -141.795000 -82.788800
-146.475900 -82.778480 -138.404110 -84.848216 -141.690000 -82.978400
-146.351300 -83.116710 -138.316946 -85.054761 -141.546000 -83.284300
-146.156300 -83.574440 -138.035325 -85.689160 -141.333000 -83.727300
-145.879500 -84.106160 -137.736806 -86.247897 -141.031000 -84.223500
-145.491300 -84.682600 -137.368769 -86.807020 -140.656000 -84.769600
-144.895700 -85.318510 -136.897544 -87.296214 -140.121000 -85.353900
-144.077500 -86.065360 -136.064219 -88.111596 -139.282000 -86.089400
-142.947400 -86.840620 -134.918656 -88.766499 -138.120000 -86.849200
-141.509200 -87.543350 -133.484435 -89.306254 -136.612000 -87.517100
-139.798500 -88.087580 -131.711735 -89.842812 -134.855000 -87.995900
-137.828100 -88.433330 -129.576366 -90.269298 -132.872000 -88.265300
-135.614800 -88.607530 -127.324068 -90.362689 -130.645000 -88.349200
-133.180100 -88.696560 -124.751550 -90.363247 -128.187000 -88.346100
-130.552000 -88.680490 -122.331643 -90.269984 -125.543000 -88.226200
-127.723900 -88.575690 -119.470160 -90.111437 -122.699000 -88.018300
-124.683500 -88.464330 -116.217830 -89.962405 -119.683000 -87.793800
-121.460200 -88.294280 -113.013896 -89.743560 -116.478000 -87.519600
-118.086600 -88.040550 -109.648689 -89.468784 -113.111000 -87.182200
-114.579400 -87.745070 -106.240080 -89.147373 -109.627000 -86.796600
-110.975100 -87.438680 -102.511071 -88.838228 -106.054000 -86.411700
-107.385700 -87.146760 -98.925599 -88.531783 -102.486000 -86.033200
-103.821100 -86.859660 -95.340154 -88.227877 -98.935900 -85.659200
-100.261700 -86.572000 -91.781862 -87.923925 -95.392500 -85.287900
-96.736140 -86.293870 -88.192732 -87.646925 -91.852400 -84.928000
-93.228880 -86.017520 -84.611963 -87.348773 -88.362100 -84.564700
-89.760830 -85.757500 -81.146184 -87.073296 -84.895800 -84.212700
-86.314280 -85.511300 -77.717906 -86.805602 -81.480200 -83.862800
-82.904810 -85.266650 -74.390440 -86.525797 -78.056500 -83.529600
-79.525840 -84.982830 -70.912266 -86.217683 -74.675700 -83.148500
-76.174850 -84.684980 -67.423709 -85.885984 -71.322400 -82.756100
-72.849640 -84.375480 -64.104978 -85.537443 -68.021800 -82.341400
-69.556400 -84.051650 -60.811996 -85.182012 -64.742100 -81.918200
-66.269780 -83.744240 -57.507515 -84.843963 -61.477000 -81.528700
-62.988460 -83.463860 -54.224315 -84.540617 -58.205800 -81.168800
-59.725320 -83.192290 -50.982114 -84.259271 -54.964300 -80.812500
-56.511930 -82.928720 -47.826072 -83.989382 -51.752400 -80.472000
-53.287950 -82.677770 -44.484149 -83.740220 -48.526700 -80.160500
-50.102380 -82.423820 -41.281390 -83.474520 -45.316500 -79.846400
-46.961330 -82.161740 -38.101559 -83.206082 -42.136900 -79.509600
-43.795000 -81.913070 -34.933734 -82.942342 -38.955200 -79.196000
-40.605850 -81.669580 -31.741203 -82.686542 -35.800400 -78.873500
-37.446990 -81.429200 -28.583783 -82.423514 -32.684300 -78.534600
-34.324130 -81.178460 -25.355775 -82.184173 -29.566500 -78.200800
-31.234230 -80.938930 -22.398595 -81.899675 -26.489000 -77.882800
-28.164850 -80.719500 -19.236004 -81.645526 -23.438600 -77.559900
-25.130870 -80.512870 -16.212809 -81.393908 -20.382800 -77.250700
-22.128140 -80.313820 -13.178735 -81.163126 -17.386100 -76.952100
-19.203440 -80.118030 -10.102211 -80.940079 -14.464200 -76.656900
-16.439970 -79.929640 -7.457383 -80.734278 -11.683900 -76.396400
-13.862420 -79.730950 -4.866005 -80.532155 -9.097140 -76.142800
-11.471000 -79.505250 -2.341441 -80.280611 -6.703480 -75.869600
-9.267307 -79.258710 -0.151148 -80.040324 -4.489350 -75.568200
-7.272311 -78.940490 2.001060 -79.738740 -2.496970 -75.208000
-5.472914 -78.549550 3.768763 -79.315373 -0.728321 -74.792200
-3.867830 -78.086270 5.427233 -78.818803 0.884445 -74.294800
-2.385605 -77.503960 7.033950 -78.254402 2.363860 -73.685200
-1.027851 -76.800120 8.359303 -77.583576 3.657720 -72.987100
0.166806 -75.911920 9.433280 -76.770059 4.784000 -72.121500
1.182030 -74.883010 10.471505 -75.751137 5.768360 -71.146000
1.977241 -73.709730 11.150967 -74.605563 6.563650 -69.968100
2.625592 -72.432540 11.487578 -73.301283 7.184550 -68.661600
3.046312 -71.053430 11.986544 -71.869393 7.548420 -67.284300
3.332790 -69.610070 12.093611 -70.480099 7.783640 -65.863500
3.505748 -68.096830 12.503415 -68.885528 7.894070 -64.374700
3.623078 -66.505600 12.573152 -67.271115 7.950600 -62.782900
3.673887 -64.790020 12.570749 -65.505859 7.940060 -61.074000
3.664022 -62.925430 12.427008 -63.732941 7.870710 -59.235700
3.591227 -60.915700 12.390806 -61.615434 7.722630 -57.231700
3.485568 -58.760380 12.233553 -59.488863 7.541810 -55.090900
3.375737 -56.493750 12.065699 -57.203557 7.347250 -52.814300
3.243097 -54.203520 11.899984 -54.894165 7.127060 -50.518900
3.069795 -51.907210 11.685382 -52.611781 6.883320 -48.235300
2.871709 -49.612280 11.432375 -50.399474 6.620320 -45.963700
2.690256 -47.318710 11.228665 -48.001947 6.360340 -43.697200
2.514617 -45.039680 10.998103 -45.729161 6.096470 -41.427600
2.336487 -42.787040 10.783537 -43.479691 5.826750 -39.168700
2.176053 -40.574230 10.587972 -41.298715 5.581380 -36.949300
2.023801 -38.441270 10.399158 -39.159019 5.348220 -34.817000
1.895520 -36.414710 10.155054 -37.157585 5.137830 -32.781900
1.766675 -34.458180 10.051413 -35.145362 4.927630 -30.816300
1.645582 -32.544470 9.877409 -33.275383 4.726180 -28.905600
1.524724 -30.674470 9.727440 -31.336066 4.521700 -27.035500
1.412389 -28.840280 9.568050 -29.511826 4.323400 -25.187800
1.305986 -27.028700 9.401704 -27.682966 4.131490 -23.372400
1.191105 -25.239530 9.225205 -25.894096 3.932140 -21.597900
1.067365 -23.476920 9.040812 -24.125648 3.712690 -19.841400
0.934574 -21.765460 8.857878 -22.401783 3.495880 -18.132800
0.802905 -20.140230 8.683408 -20.773631 3.295880 -16.511200
0.699503 -18.615910 8.529343 -19.262129 3.105240 -15.002800
0.601767 -17.196320 8.390146 -17.830398 2.942650 -13.590700
0.507341 -15.885810 8.268794 -16.532024 2.792880 -12.276900
0.417035 -14.726660 8.158164 -15.362013 2.660570 -11.117800
0.351258 -13.760620 8.082006 -14.388640 2.556060 -10.136300
0.299516 -12.930350 8.010597 -13.548645 2.474260 -9.324230
0.263868 -12.153000 7.945177 -12.759091 2.393640 -8.541020
0.238575 -11.391050 7.882914 -11.984567 2.318350 -7.784510
0.198165 -10.644890 7.821917 -11.230646 2.240020 -7.042670
0.151201 -9.907869 7.751537 -10.489610 2.160570 -6.311300
0.091011 -9.183499 7.651641 -9.774500 2.047930 -5.603240
0.016860 -8.476707 7.536465 -9.063173 1.917220 -4.899480
-0.070862 -7.778389 7.421565 -8.362241 1.803120 -4.207550
-0.158415 -7.094030 7.335440 -7.666311 1.690270 -3.525770
-0.234301 -6.412690 7.252432 -6.983208 1.597620 -2.855790
-0.307917 -5.742297 7.174273 -6.311845 1.507870 -2.188660
-0.360353 -5.068979 7.108142 -5.641987 1.431460 -1.532450
-0.401589 -4.328040 7.036211 -4.945616 1.355980 -0.797061
-0.431289 -3.483170 6.995963 -4.052190 1.288220 0.046943
-0.464543 -2.555900 6.947360 -3.114336 1.209680 0.969755
-0.487938 -1.556277 6.903933 -2.098834 1.143360 1.963370
-0.499710 -0.485171 6.868226 -1.012096 1.078300 3.036180
-0.511556 0.679747 6.800341 0.154469 1.004360 4.182930
-0.388368 1.890361 6.818820 1.357933 0.997060 5.387640
-0.387786 3.050660 6.738725 2.510777 0.886130 6.532130
-0.473375 4.175334 6.580819 3.603291 0.708786 7.633930
-0.669462 5.262875 6.317936 4.701149 0.437793 8.686640
-0.929674 6.291946 6.002365 5.738874 0.123018 9.681010
-1.229340 7.289411 5.670371 6.722672 -0.230032 10.660800
-1.438607 8.249384 5.434841 7.699878 -0.495689 11.636100
-1.565470 8.946937 5.303089 8.368675 -0.662779 12.337500
-1.615795 9.324632 5.248205 8.757977 -0.725848 12.718800
-1.635852 9.404838 5.235273 8.838679 -0.740906 12.799000
-1.640332 9.376167 5.241440 8.816222 -0.733685 12.773200
-1.643540 9.371050 5.241850 8.818185 -0.733827 12.774100
