0.000000 -0.000000 -0.001723 0.004427 0.000000 0.000000
0.020455 2.389887 -0.015597 2.294900 -0.019119 2.277630
0.038167 4.630767 -0.036590 4.420676 -0.026359 4.418710
0.062475 6.584575 -0.049721 6.372113 -0.036345 6.386710
0.078062 8.294502 -0.039844 8.100296 -0.021445 8.121930
0.036300 9.647129 -0.026777 9.617724 -0.004613 9.613350
0.037691 10.755690 -0.011113 10.872505 0.017888 10.864100
0.070396 11.572020 0.034944 11.864417 0.056348 11.810000
0.096690 12.008000 0.065267 12.578615 0.086311 12.502900
0.124405 12.280970 0.076597 13.095428 0.105312 13.030800
0.106056 12.366960 0.102467 13.551290 0.128501 13.477800
0.125276 12.480720 0.126196 13.978189 0.147672 13.870500
0.156946 12.590120 0.151482 14.360443 0.171142 14.252400
0.151509 12.702880 0.156007 14.737975 0.178282 14.625100
0.146149 12.836600 0.144270 15.111576 0.177383 14.987600
0.118103 12.986600 0.113650 15.515680 0.152070 15.404900
0.046011 13.251830 0.038917 16.025640 0.063904 15.908100
-0.102743 13.662450 -0.114098 16.743595 -0.090387 16.560200
-0.377391 14.237180 -0.390798 17.551745 -0.351649 17.313200
-0.803739 14.918100 -0.826323 18.383870 -0.784180 18.151000
-1.393517 15.599510 -1.346126 19.207837 -1.333780 18.967600
-2.183640 16.257910 -2.204998 20.315279 -2.077710 19.784100
-3.168635 16.891620 -3.209143 21.112987 -3.077550 20.579200
-4.410526 17.491970 -4.425423 21.691404 -4.292740 21.280300
-5.887262 17.957870 -5.705263 22.213696 -5.745930 21.843000
-7.603442 18.241840 -8.089016 22.937058 -7.411140 22.176200
-9.593783 18.333530 -9.627011 22.796474 -9.245530 22.288500
-11.737930 18.262400 -11.637768 22.714266 -11.257200 22.242700
-14.123570 18.137210 -13.667746 22.525603 -13.481800 22.136100
-16.660080 18.043560 -16.043100 22.472023 -15.890500 22.070600
-19.380350 17.941480 -18.476407 22.389202 -18.497600 22.012600
-22.232040 17.791200 -21.192285 22.271791 -21.274200 21.905600
-25.294530 17.612590 -24.173361 22.130316 -24.252400 21.773200
-28.420350 17.436630 -27.122125 21.974444 -27.290100 21.644900
-31.735350 17.259230 -30.161895 21.837737 -30.358900 21.479400
-35.061830 17.012340 -33.391398 21.589115 -33.501800 21.244400
-38.405680 16.701380 -36.571380 21.286487 -36.711900 20.948100
-41.726310 16.376210 -39.723362 20.965537 -39.938600 20.620100
-45.021050 16.012440 -42.944342 20.634119 -43.185700 20.288800
-48.346970 15.612790 -46.336030 20.294272 -46.497500 19.959400
-51.676860 15.192430 -49.648971 19.978944 -49.823500 19.646200
-55.031060 14.742560 -53.037834 19.669218 -53.199000 19.357500
-58.401830 14.329930 -56.641161 19.451304 -56.609700 19.138900
-61.829840 14.034770 -59.838647 19.286407 -60.055500 18.963000
-65.245090 13.824430 -63.315734 19.174745 -63.515700 18.875400
-68.803470 13.628730 -66.936795 19.088117 -67.026800 18.810300
-72.396330 13.444870 -70.517524 19.034751 -70.539100 18.758300
-76.040760 13.365020 -74.049748 18.980139 -74.092800 18.723500
-79.629870 13.286290 -77.651813 18.946761 -77.659800 18.684100
-83.178040 13.172320 -81.238304 18.878552 -81.218700 18.649700
-86.806450 13.116270 -84.867533 18.842901 -84.765200 18.621600
-90.407370 13.030230 -88.295088 18.816648 -88.301800 18.585600
-93.932750 12.938240 -91.858074 18.770744 -91.804500 18.562600
-97.425940 12.830290 -95.421411 18.737037 -95.307100 18.532100
-100.921800 12.721040 -98.964580 18.685920 -98.772300 18.497300
-104.418700 12.646790 -102.484759 18.654346 -102.235000 18.477800
-107.950700 12.574710 -105.934852 18.627526 -105.732000 18.443900
-111.506500 12.491980 -109.844840 18.543750 -109.262000 18.407600
-115.125400 12.427530 -113.564545 18.528624 -112.850000 18.387800
-118.791400 12.356860 -117.203931 18.483257 -116.545000 18.357300
-122.506900 12.277580 -120.550583 18.445422 -120.285000 18.308100
-126.283000 12.162340 -124.485326 18.347099 -124.085000 18.212900
-130.058300 12.056810 -128.116340 18.268261 -127.879000 18.148400
-133.838200 11.940140 -132.010040 18.204546 -131.690000 18.090000
-137.647000 11.763370 -135.715120 18.128913 -135.489000 18.024800
-141.424200 11.624670 -139.586828 18.074990 -139.239000 17.976700
-145.185900 11.523690 -143.293712 18.015081 -143.017000 17.923000
-148.919300 11.449460 -147.099358 17.945965 -146.777000 17.893100
-152.638200 11.381770 -150.862892 17.932886 -150.506000 17.875900
-156.350400 11.310530 -154.663062 17.906130 -154.218000 17.832000
-160.047400 11.214060 -158.395286 17.842010 -157.916000 17.805100
-163.709400 11.107560 -162.120669 17.795423 -161.618000 17.745500
-167.360400 10.983380 -165.831913 17.719127 -165.255000 17.736800
-170.967600 10.933720 -169.520511 17.752312 -168.955000 17.729000
-174.571400 10.876820 -173.326865 17.713715 -172.618000 17.721000
-178.137200 10.833080 -176.901633 17.695270 -176.237000 17.715500
-181.490500 10.796130 -180.293051 17.718058 -179.606000 17.732200
-184.602400 10.773720 -183.457101 17.735780 -182.771000 17.743800
-187.458300 10.758840 -186.395716 17.737089 -185.652000 17.772700
-190.232700 10.733900 -189.297565 17.743740 -188.439000 17.776000
-192.986900 10.663320 -191.782850 17.706610 -191.216000 17.728100
-195.706100 10.585910 -194.781318 17.658304 -193.963000 17.698800
-198.416300 10.495740 -197.422782 17.599543 -196.706000 17.652600
-201.152700 10.412030 -200.191974 17.547077 -199.459000 17.598400
-203.946700 10.341460 -202.933381 17.518517 -202.256000 17.574400
-206.802300 10.298350 -205.980026 17.450254 -205.088000 17.531600
-209.757100 10.317680 -208.800242 17.443013 -207.996000 17.519600
-212.804800 10.361070 -211.846492 17.428590 -211.006000 17.526400
-215.930200 10.396430 -214.909149 17.417465 -214.095000 17.532400
-219.012900 10.360590 -218.045847 17.543637 -217.196000 17.598800
-222.155100 10.298380 -221.441357 17.503121 -220.371000 17.649800
-225.365500 10.246810 -224.656851 17.580416 -223.627000 17.727100
-228.707300 10.215510 -228.032086 17.626035 -226.949000 17.787900
-232.112300 10.220950 -231.434548 17.672144 -230.366000 17.848400
-235.564300 10.214940 -234.889016 17.720589 -233.806000 17.893400
-239.104300 10.217730 -238.339415 17.771757 -237.381000 17.950100
-242.702700 10.183390 -242.077919 17.777161 -240.991000 17.963600
-246.347300 10.130220 -245.740593 17.759416 -244.652000 17.961400
-250.052800 10.036800 -249.475722 17.708236 -248.384000 17.921700
-253.773800 9.880518 -253.199646 17.626447 -252.178000 17.851000
-257.535100 9.718989 -256.920927 17.537632 -255.933000 17.775500
-261.300500 9.591512 -260.759238 17.459984 -259.708000 17.714300
-265.059000 9.459547 -264.409179 17.391287 -263.454000 17.645500
-268.826900 9.337703 -268.343586 17.302089 -267.202000 17.587000
-272.549600 9.176257 -272.143554 17.225410 -270.947000 17.516600
-276.263700 8.976101 -275.864888 17.131697 -274.636000 17.433000
-279.947200 8.832825 -279.478845 17.071945 -278.330000 17.387000
-283.650400 8.715404 -283.023055 17.032117 -282.012000 17.331500
-287.322900 8.610515 -286.715650 16.969564 -285.694000 17.284300
-290.988400 8.505150 -290.389339 16.932526 -289.368000 17.235800
-294.654700 8.394904 -294.068070 16.866438 -293.028000 17.194500
-298.320400 8.294475 -297.728375 16.830940 -296.706000 17.147200
-302.013000 8.169718 -301.478454 16.746952 -300.391000 17.081500
-305.746200 8.074212 -305.201972 16.685914 -304.101000 17.054100
-309.494500 7.982975 -309.019034 16.631409 -307.787000 17.006400
-313.220200 7.863686 -312.769604 16.554337 -311.547000 16.945000
-316.989500 7.782544 -316.540718 16.510898 -315.284000 16.898700
-320.754000 7.679468 -320.170630 16.460436 -319.007000 16.842300
-324.529500 7.563218 -323.884924 16.420456 -322.777000 16.804100
-328.344000 7.456111 -327.843290 16.367807 -326.531000 16.769500
-332.109700 7.347334 -331.501349 16.338621 -330.321000 16.749100
-335.860100 7.242255 -335.289189 16.315283 -334.055000 16.736200
-339.608800 7.147781 -339.308956 16.260826 -337.817000 16.695600
-343.309300 7.053936 -342.851923 16.248501 -341.512000 16.694700
-346.907500 6.957315 -346.459265 16.238622 -345.155000 16.682600
-350.384600 6.860419 -350.027164 16.212124 -348.632000 16.674500
-353.708400 6.768393 -353.395550 16.185296 -351.959000 16.656500
-356.877800 6.663296 -356.603414 16.152138 -355.134000 16.639600
-360.001200 6.552425 -359.728564 16.105329 -358.263000 16.596500
-363.041000 6.435692 -362.769961 16.068797 -361.339000 16.546600
-365.855800 6.345080 -365.612530 16.029910 -364.213000 16.522100
-368.437600 6.307072 -368.263781 16.040787 -366.861000 16.547000
-370.781400 6.383962 -370.874158 16.166315 -369.271000 16.667000
-372.865900 6.648568 -372.803449 16.465209 -371.410000 16.979300
-374.725000 7.109350 -374.851589 16.978100 -373.296000 17.484000
-376.363200 7.741893 -376.685936 17.698566 -374.979000 18.184900
-377.862400 8.633829 -377.790283 18.575333 -376.492000 19.103700
-379.196300 9.712570 -379.134664 19.722153 -377.845000 20.260500
-380.348700 10.965970 -380.484852 21.030059 -379.017000 21.604200
-381.385700 12.448140 -381.336777 22.676697 -380.056000 23.153200
-382.260100 14.122720 -382.409250 24.416585 -380.940000 24.908000
-383.010800 15.994530 -382.974529 26.464967 -381.666000 26.858800
-383.610300 18.057930 -383.696959 28.650137 -382.229000 28.974700
-384.100300 20.314520 -384.023672 31.015776 -382.674000 31.297400
-384.497100 22.748260 -384.450335 33.628759 -383.024000 33.787300
-384.776600 25.364410 -384.632790 36.303113 -383.253000 36.420600
-384.988900 28.128190 -384.962696 39.423434 -383.405000 39.232300
-385.212700 31.086220 -385.065265 42.526822 -383.527000 42.154800
-385.449300 34.192050 -384.990940 45.143076 -383.620000 45.185800
-385.780600 37.315730 -385.120347 48.237891 -383.703000 48.229800
-386.061000 40.426600 -385.180169 51.430764 -383.762000 51.290800
-386.229000 43.492690 -385.312968 54.652638 -383.803000 54.340600
-386.309000 46.518630 -385.336758 57.713535 -383.824000 57.352500
-386.383200 49.505740 -385.348953 60.744975 -383.839000 60.328000
-386.435500 52.415800 -385.360292 63.595490 -383.842000 63.250900
-386.493200 55.225360 -385.346157 66.311029 -383.824000 66.042300
-386.554400 57.943820 -385.318110 68.952929 -383.800000 68.747200
-386.610300 60.578530 -385.228373 71.665744 -383.730000 71.360000
-386.585600 63.079020 -385.149938 74.028190 -383.614000 73.845900
-386.370900 65.433820 -384.914381 76.430401 -383.379000 76.230000
-385.914800 67.648300 -384.511180 78.721522 -382.974000 78.470900
-385.249200 69.694860 -383.937165 80.982451 -382.398000 80.538100
-384.335100 71.573620 -383.198469 82.892615 -381.655000 82.437900
-383.335600 73.255020 -382.321261 84.685087 -380.779000 84.170400
-382.295300 74.818880 -381.263148 86.242043 -379.706000 85.706600
-381.091700 76.191700 -379.950567 87.547048 -378.409000 87.021400
-379.774700 77.364460 -378.470712 88.615419 -376.934000 88.138400
-378.271000 78.251970 -376.835281 89.512482 -375.312000 89.044100
-376.573900 78.987050 -375.063082 90.183052 -373.555000 89.762000
-374.728100 79.537850 -373.175173 90.636218 -371.657000 90.265000
-372.739900 79.941840 -371.127664 90.795210 -369.618000 90.663900
-370.607000 80.199980 -368.988472 91.189963 -367.471000 90.885200
-368.370300 80.415580 -366.684621 91.295630 -365.226000 91.037500
-366.032000 80.571350 -364.239216 91.385774 -362.856000 91.137300
-363.598400 80.673300 -361.723685 91.413322 -360.399000 91.161900
-361.071700 80.716320 -359.112324 91.400424 -357.861000 91.136000
-358.469900 80.705850 -356.494860 91.282954 -355.262000 91.033600
-355.832800 80.638300 -353.694454 91.208084 -352.578000 90.895900
-353.161000 80.553900 -350.966396 91.056697 -349.910000 90.752300
-350.450100 80.465550 -348.221886 90.916296 -347.206000 90.596300
-347.763100 80.398460 -345.450499 90.783284 -344.492000 90.472200
-345.086900 80.370740 -342.714505 90.700803 -341.805000 90.372600
-342.417400 80.402970 -340.004812 90.675864 -339.116000 90.348000
-339.774100 80.483360 -337.298099 90.704731 -336.476000 90.362900
-337.139800 80.575110 -334.654814 90.740910 -333.849000 90.384800
-334.528900 80.693480 -332.015684 90.794469 -331.218000 90.416800
-331.932700 80.824510 -329.392599 90.842867 -328.578000 90.448500
-329.325200 80.918500 -326.767656 90.879114 -325.940000 90.449400
-326.739100 80.990700 -324.061829 90.889098 -323.302000 90.423400
-324.144100 81.038770 -321.404446 90.868883 -320.705000 90.395200
-321.562300 81.091140 -318.736691 90.848201 -318.094000 90.344900
-319.011600 81.190070 -316.171952 90.856588 -315.490000 90.334400
-316.450900 81.308090 -313.583446 90.894647 -312.921000 90.361300
-313.909200 81.444650 -310.977136 90.950641 -310.313000 90.400500
-311.391900 81.580060 -308.400882 91.006573 -307.767000 90.435400
-308.876400 81.706970 -305.870100 91.059782 -305.233000 90.462500
-306.378900 81.849250 -303.354756 91.124524 -302.699000 90.505900
-303.888700 81.994400 -300.836607 91.184694 -300.179000 90.546500
-301.376300 82.158190 -298.239293 91.269953 -297.664000 90.619200
-298.832900 82.325730 -295.737103 91.381157 -295.091000 90.711000
-296.237900 82.504140 -293.136606 91.504321 -292.494000 90.815600
-293.590400 82.683410 -290.479669 91.635060 -289.830000 90.935900
-290.876600 82.853340 -287.753839 91.751480 -287.116000 91.032100
-288.120000 82.987710 -284.959212 91.831070 -284.355000 91.083500
-285.314700 83.062010 -282.103280 91.845581 -281.540000 91.074400
-282.460400 83.089330 -279.207413 91.808736 -278.665000 91.027400
-279.611400 83.105040 -276.307833 91.761376 -275.824000 90.966100
-276.801100 83.107970 -273.465717 91.707383 -273.015000 90.880400
-274.051500 83.099890 -270.666879 91.628785 -270.262000 90.781900
-271.353100 83.054870 -267.942604 91.519033 -267.564000 90.649800
-268.676800 82.970950 -265.259320 91.384115 -264.897000 90.487400
-266.029200 82.903900 -262.614658 91.254844 -262.238000 90.332200
-263.418800 82.873250 -259.985536 91.152623 -259.639000 90.225600
-260.804200 82.903330 -257.359993 91.117076 -257.023000 90.166200
-258.168800 82.990410 -254.707112 91.134989 -254.395000 90.170800
-255.510500 83.145560 -252.059087 91.237245 -251.761000 90.259900
-252.844700 83.373830 -249.399005 91.414392 -249.084000 90.405800
-250.152200 83.637690 -246.699356 91.608530 -246.374000 90.577800
-247.440300 83.910960 -243.966250 91.805038 -243.640000 90.768600
-244.714300 84.178610 -241.266950 92.007278 -240.939000 90.942700
-242.002000 84.383000 -238.554217 92.152384 -238.236000 91.053100
-239.314700 84.514710 -235.875407 92.228878 -235.560000 91.095600
-236.657500 84.567850 -233.154417 92.216777 -232.909000 91.066500
-234.029000 84.526210 -230.434677 92.117550 -230.284000 90.954100
-231.443300 84.405890 -227.906100 91.931831 -227.678000 90.746300
-228.920700 84.255810 -225.341166 91.724584 -225.153000 90.526800
-226.536800 84.105460 -222.976642 91.527784 -222.762000 90.292000
-224.322600 83.973260 -220.777631 91.345153 -220.555000 90.099800
-222.317800 83.852920 -218.797520 91.185388 -218.562000 89.924100
-220.525500 83.748690 -217.030531 91.049685 -216.789000 89.773900
-218.913500 83.654780 -215.458855 90.944942 -215.194000 89.668500
-217.491400 83.614870 -214.066796 90.893331 -213.805000 89.606400
-216.200400 83.663530 -212.814617 90.934165 -212.540000 89.644400
-214.975300 83.890580 -211.589357 91.117623 -211.316000 89.841300
-213.812900 84.303130 -210.457923 91.457370 -210.183000 90.204100
-212.768400 84.851980 -209.449268 91.945641 -209.169000 90.657500
-211.819400 85.505150 -208.574820 92.546878 -208.254000 91.215500
-210.944500 86.249430 -207.605915 93.250498 -207.356000 91.911700
-210.114900 87.190980 -206.663910 94.160059 -206.456000 92.806300
-209.375900 88.379450 -205.836909 95.341369 -205.631000 93.949600
-208.685500 89.786110 -205.075093 96.737932 -204.900000 95.319400
-208.120100 91.447000 -204.475808 98.394369 -204.281000 96.946400
-207.636800 93.318040 -203.954276 100.281199 -203.762000 98.789900
-207.343700 95.377570 -203.684769 102.349313 -203.456000 100.804000
-207.198500 97.677330 -203.534245 104.749105 -203.278000 103.046000
-207.176800 100.117600 -203.624447 107.009262 -203.211000 105.502000
-207.235900 102.732400 -203.547591 109.981511 -203.245000 108.144000
-207.357900 105.495500 -203.663076 112.822218 -203.317000 110.949000
-207.446900 108.321400 -203.736906 115.636508 -203.355000 113.816000
-207.501200 111.206800 -203.896840 118.282936 -203.357000 116.739000
-207.496800 114.153500 -203.725776 121.546099 -203.277000 119.719000
-207.467000 117.040300 -203.680382 124.484351 -203.197000 122.624000
-207.357100 119.818100 -203.648807 127.391657 -203.117000 125.538000
-207.231600 122.580500 -203.570949 130.211247 -203.009000 128.409000
-207.169600 125.360700 -203.542666 133.040080 -202.935000 131.262000
-207.151600 128.086900 -203.519582 135.925568 -202.898000 134.060000
-207.158900 130.676600 -203.500461 138.373536 -202.878000 136.685000
-207.192200 133.099300 -203.511366 141.022264 -202.877000 139.135000
-207.257200 135.311800 -203.573980 143.358819 -202.918000 141.348000
-207.357800 137.293400 -203.677998 145.384478 -203.003000 143.366000
-207.516000 139.039300 -203.836651 147.170986 -203.132000 145.116000
-207.792700 140.624300 -204.133283 148.754318 -203.395000 146.682000
-208.199400 142.155800 -204.488124 149.914088 -203.781000 148.214000
-208.796100 143.591400 -205.085836 151.589201 -204.336000 149.593000
-209.578000 144.906500 -205.805591 152.788714 -205.035000 150.881000
-210.509400 146.123000 -206.675848 153.950332 -205.885000 152.084000
-211.640600 147.221600 -207.818874 154.789300 -206.967000 153.245000
-212.986500 148.243400 -209.002774 155.908913 -208.278000 154.350000
-214.560800 149.101800 -210.734144 156.708230 -209.822000 155.214000
-216.375500 149.752000 -212.480187 157.441709 -211.633000 155.879000
-218.364200 150.183000 -214.393506 157.885379 -213.608000 156.333000
-220.495700 150.431900 -216.630187 158.181740 -215.718000 156.590000
-222.758400 150.560900 -218.958051 158.329854 -218.005000 156.749000
-225.125500 150.643600 -221.431223 158.450316 -220.395000 156.866000
-227.596900 150.727300 -223.915214 158.544478 -222.883000 156.990000
-230.175200 150.835400 -226.544006 158.663007 -225.476000 157.136000
-232.870900 150.954400 -229.285215 158.785533 -228.175000 157.288000
-235.686400 151.084500 -232.104991 158.907783 -231.006000 157.442000
-238.634600 151.219200 -235.038587 159.035270 -233.943000 157.615000
-241.714000 151.324200 -238.133984 159.143636 -236.993000 157.751000
-244.893500 151.370200 -241.341799 159.200981 -240.163000 157.821000
-248.152800 151.340800 -244.629306 159.172539 -243.427000 157.829000
-251.386800 151.245500 -247.888270 159.091474 -246.653000 157.758000
-254.628800 151.083900 -251.138385 158.934646 -249.896000 157.643000
-257.855100 150.860900 -254.371720 158.708353 -253.107000 157.442000
-260.989500 150.595900 -257.505995 158.457670 -256.238000 157.203000
-263.979600 150.335600 -260.528953 158.209758 -259.243000 156.996000
-266.766600 150.087700 -263.343101 157.974570 -262.041000 156.782000
-269.368500 149.866200 -265.937944 157.763100 -264.639000 156.592000
-271.910000 149.696000 -268.460753 157.603379 -267.182000 156.450000
-274.432000 149.547300 -270.962447 157.464490 -269.700000 156.320000
-276.917800 149.419800 -273.506423 157.340387 -272.187000 156.224000
-279.393400 149.337600 -275.953467 157.273886 -274.695000 156.159000
-281.842600 149.284100 -278.465665 157.228353 -277.129000 156.142000
-284.327000 149.245300 -280.967198 157.205514 -279.625000 156.130000
-286.851400 149.215900 -283.522606 157.191030 -282.150000 156.127000
-289.374600 149.175400 -286.065592 157.165576 -284.691000 156.125000
-291.872700 149.113700 -288.606761 157.123322 -287.209000 156.090000
-294.367000 149.035300 -291.098461 157.068557 -289.712000 156.044000
-296.900400 148.946800 -293.719487 156.994877 -292.243000 155.985000
-299.496800 148.857900 -296.344555 156.922602 -294.854000 155.924000
-302.152700 148.763000 -299.033272 156.844838 -297.535000 155.856000
-304.894400 148.662700 -301.827442 156.759867 -300.304000 155.790000
-307.698800 148.565200 -304.650697 156.677657 -303.141000 155.717000
-310.542800 148.472300 -307.504285 156.600963 -305.999000 155.668000
-313.401900 148.388500 -310.381040 156.534383 -308.874000 155.605000
-316.253600 148.309200 -313.254608 156.469382 -311.739000 155.574000
-319.087100 148.246300 -316.110087 156.418971 -314.580000 155.519000
-321.874200 148.159600 -318.911391 156.364805 -317.393000 155.492000
-324.643500 148.080700 -321.688819 156.314598 -320.156000 155.461000
-327.380000 148.017900 -324.431740 156.277757 -322.904000 155.437000
-330.084600 147.943700 -327.163591 156.241719 -325.611000 155.413000
-332.768800 147.879400 -329.843482 156.209245 -328.250000 155.390000
-335.339000 147.849200 -332.425874 156.177566 -330.826000 155.371000
-337.917500 147.821400 -335.009475 156.149985 -333.393000 155.368000
-340.461700 147.771400 -337.559658 156.115946 -335.935000 155.348000
-342.975500 147.703700 -340.068968 156.062752 -338.426000 155.311000
-345.507800 147.596800 -342.585024 155.970379 -340.951000 155.236000
-348.088400 147.502000 -345.138991 155.876842 -343.516000 155.147000
-350.695500 147.387300 -347.739867 155.767210 -346.115000 155.057000
-353.357500 147.254200 -350.385304 155.655240 -348.747000 154.951000
-356.035100 147.123000 -353.055826 155.533088 -351.405000 154.846000
-358.706400 146.987600 -355.734767 155.410561 -354.086000 154.721000
-361.365400 146.869000 -358.393827 155.287873 -356.739000 154.616000
-363.998800 146.747300 -361.031077 155.159113 -359.369000 154.505000
-366.592400 146.651500 -363.638577 155.059659 -361.954000 154.418000
-369.103200 146.586000 -366.152545 155.000779 -364.462000 154.374000
-371.498800 146.552500 -368.546732 154.986537 -366.853000 154.364000
-373.734100 146.569400 -370.799802 154.944478 -369.090000 154.400000
-375.766000 146.687900 -372.849823 155.134864 -371.128000 154.535000
-377.587800 146.923500 -374.724938 155.369351 -372.943000 154.790000
-379.228200 147.254000 -376.390536 155.707574 -374.587000 155.147000
-380.680100 147.681500 -377.861958 156.127461 -376.032000 155.585000
-381.983900 148.240600 -378.993337 156.715893 -377.365000 156.180000
-383.189300 148.967100 -380.462918 157.489905 -378.562000 156.917000
-384.260600 149.832600 -381.564166 158.393721 -379.656000 157.809000
-385.261700 150.822900 -382.567661 159.406206 -380.643000 158.789000
-386.189600 152.026900 -383.340033 160.567806 -381.573000 160.056000
-387.088300 153.508400 -384.050590 162.136448 -382.471000 161.569000
-387.803500 155.255200 -384.908359 163.949029 -383.184000 163.334000
-388.328200 157.227600 -385.344626 165.965623 -383.684000 165.328000
-388.690100 159.390500 -385.902778 168.412860 -384.008000 167.511000
-388.914300 161.727400 -386.095921 170.913216 -384.192000 169.867000
-389.033800 164.223600 -386.172365 173.536329 -384.267000 172.392000
-389.107700 166.899500 -386.188513 176.300624 -384.299000 175.083000
-389.177200 169.703100 -386.201677 179.170665 -384.312000 177.897000
-389.249200 172.602600 -386.090554 181.788423 -384.343000 180.796000
-389.294800 175.566200 -386.205328 184.862368 -384.354000 183.762000
-389.340400 178.518800 -386.145385 187.885724 -384.375000 186.731000
-389.408400 181.466200 -386.317492 191.020656 -384.400000 189.681000
-389.477100 184.395100 -386.371122 193.986107 -384.420000 192.614000
-389.534000 187.303900 -386.352285 196.940939 -384.427000 195.515000
-389.596100 190.151400 -386.364274 199.730956 -384.449000 198.358000
-389.650400 192.868100 -386.375731 202.397902 -384.462000 201.077000
-389.688600 195.381200 -386.343855 205.016911 -384.470000 203.604000
-389.706500 197.729300 -386.394055 207.413929 -384.458000 205.967000
-389.637200 199.881000 -386.306269 209.550574 -384.358000 208.147000
-389.406500 201.894300 -386.054600 211.666709 -384.099000 210.185000
-388.964400 203.824800 -385.565205 213.657245 -383.616000 212.131000
-388.237500 205.641900 -384.790304 215.498922 -382.836000 213.938000
-387.225600 207.247400 -383.747329 217.222382 -381.818000 215.574000
-385.985200 208.725400 -382.467973 218.749119 -380.569000 217.060000
-384.487500 210.025200 -380.948032 220.078557 -379.073000 218.382000
-382.766900 211.133700 -379.193596 221.201488 -377.328000 219.497000
-380.848000 212.024300 -377.181766 222.079790 -375.379000 220.373000
-378.741200 212.710800 -374.961633 222.717433 -373.247000 221.066000
-376.473400 213.257300 -372.592671 223.205409 -370.993000 221.565000
-374.038800 213.683400 -370.077169 223.565251 -368.566000 221.953000
-371.458500 214.025200 -367.434917 223.861816 -365.970000 222.262000
-368.731200 214.304000 -364.653480 224.112274 -363.247000 222.516000
-365.907000 214.548400 -362.121830 224.221202 -360.405000 222.727000
-362.986400 214.774600 -358.795155 224.566800 -357.499000 222.927000
-360.000500 214.982500 -355.762471 224.759063 -354.498000 223.107000
-356.946700 215.144300 -352.735493 224.897061 -351.462000 223.246000
-353.844800 215.269100 -349.691720 224.989563 -348.362000 223.348000
-350.728200 215.343800 -346.646214 225.031658 -345.268000 223.401000
-347.621800 215.396600 -343.480758 225.068340 -342.189000 223.429000
-344.503600 215.436100 -340.309542 225.082831 -339.086000 223.433000
-341.404500 215.431500 -337.306701 225.048599 -335.998000 223.403000
-338.307200 215.374700 -334.215743 224.971924 -332.938000 223.305000
-335.222900 215.258300 -331.155186 224.819872 -329.854000 223.150000
-332.176900 215.090700 -328.131874 224.605834 -326.812000 222.926000
-329.113900 214.919400 -325.059919 224.385033 -323.762000 222.711000
-326.083300 214.755000 -322.026356 224.169329 -320.738000 222.491000
-323.035500 214.645100 -318.988315 224.013854 -317.697000 222.337000
-319.997700 214.594500 -315.939200 223.913238 -314.674000 222.236000
-316.949800 214.613400 -312.848747 223.902042 -311.629000 222.204000
-313.894600 214.701700 -309.869228 223.939715 -308.591000 222.258000
-310.834000 214.851800 -306.797455 224.052813 -305.559000 222.354000
-307.768800 215.021500 -303.647438 224.197022 -302.504000 222.471000
-304.682000 215.209600 -300.553468 224.349901 -299.386000 222.611000
-301.619300 215.403400 -297.473967 224.513453 -296.300000 222.776000
-298.564100 215.602100 -294.421349 224.676388 -293.245000 222.924000
-295.523500 215.774500 -291.345310 224.822903 -290.199000 223.047000
-292.524500 215.925700 -288.359244 224.943096 -287.195000 223.164000
-289.569200 216.080100 -285.438693 225.063722 -284.240000 223.272000
-286.686000 216.208000 -282.552924 225.171998 -281.368000 223.370000
-283.844300 216.320800 -279.720981 225.264064 -278.556000 223.440000
-281.075400 216.414900 -276.941227 225.329117 -275.789000 223.502000
-278.384800 216.482400 -274.238123 225.364220 -273.118000 223.516000
-275.749900 216.524700 -271.590415 225.377160 -270.491000 223.525000
-273.211000 216.563500 -269.044521 225.387304 -267.930000 223.499000
-270.786900 216.596800 -266.599796 225.388441 -265.515000 223.498000
-268.452200 216.627400 -264.251794 225.385033 -263.191000 223.487000
-266.210100 216.670200 -261.992830 225.388624 -260.932000 223.484000
-264.057900 216.715000 -259.841170 225.401553 -258.789000 223.484000
-261.977600 216.758700 -257.766352 225.423582 -256.716000 223.473000
-260.009300 216.805500 -255.772257 225.439921 -254.762000 223.480000
-258.118000 216.846900 -253.890767 225.462612 -252.872000 223.483000
-256.324100 216.892100 -252.090603 225.488693 -251.082000 223.498000
-254.591600 216.937100 -250.367439 225.520069 -249.345000 223.526000
-252.914000 216.968800 -248.684230 225.547394 -247.678000 223.531000
-251.261500 217.002300 -247.030882 225.571428 -246.022000 223.553000
-249.623300 217.030600 -245.401522 225.596086 -244.383000 223.558000
-248.000000 217.075100 -243.834768 225.620327 -242.768000 223.581000
-246.394700 217.123600 -242.185549 225.650136 -241.176000 223.603000
-244.798500 217.177700 -240.597772 225.681560 -239.589000 223.619000
-243.238500 217.242300 -239.038183 225.727078 -238.038000 223.648000
-241.697700 217.301200 -237.526084 225.772086 -236.482000 223.697000
-240.159500 217.379600 -235.985053 225.831273 -234.946000 223.747000
-238.623700 217.447500 -234.499548 225.879470 -233.419000 223.783000
-237.098100 217.517700 -232.960087 225.929275 -231.901000 223.820000
-235.568700 217.578300 -231.377715 225.976420 -230.359000 223.850000
-234.013600 217.632400 -229.828827 226.004810 -228.799000 223.865000
-232.429300 217.675500 -228.212487 226.021849 -227.227000 223.881000
-230.825000 217.709000 -226.597143 226.035951 -225.616000 223.887000
-229.213500 217.727400 -224.709962 226.067612 -224.007000 223.883000
-227.620200 217.743200 -223.374265 226.042010 -222.410000 223.880000
-226.038600 217.749200 -221.790824 226.036848 -220.840000 223.866000
-224.474500 217.720600 -220.212204 225.984837 -219.268000 223.813000
-222.943700 217.646400 -218.673058 225.885247 -217.734000 223.706000
-221.517500 217.497700 -217.210556 225.728249 -216.317000 223.530000
-220.196400 217.264300 -215.890581 225.462142 -215.025000 223.266000
-219.015400 216.979300 -214.667130 225.159746 -213.843000 222.957000
-218.000600 216.671300 -213.645642 224.829329 -212.826000 222.625000
-217.074300 216.316400 -212.691312 224.485767 -211.902000 222.251000
-216.224900 215.882000 -211.811314 224.038205 -211.068000 221.827000
-215.453800 215.357600 -211.036398 223.552108 -210.284000 221.327000
-214.757400 214.782900 -210.301345 222.974320 -209.575000 220.750000
-214.077200 214.065600 -209.610804 222.228892 -208.886000 219.996000
-213.459700 213.182900 -208.966899 221.295460 -208.266000 219.075000
-212.907500 212.086400 -208.431817 220.208395 -207.750000 217.985000
-212.452200 210.870600 -207.989759 218.927600 -207.292000 216.731000
-212.114300 209.456600 -207.680485 217.468833 -206.993000 215.286000
-211.858500 207.837000 -207.473936 215.796164 -206.766000 213.634000
-211.742000 206.028400 -207.534622 213.975237 -206.688000 211.822000
-211.736300 204.033600 -207.446532 211.866301 -206.731000 209.809000
-211.766900 201.873300 -207.531675 209.655996 -206.807000 207.628000
-211.796200 199.533500 -207.621383 207.253265 -206.884000 205.286000
-211.786800 197.027400 -207.685501 204.707790 -206.955000 202.764000
-211.759900 194.373900 -207.731720 201.987799 -206.993000 200.094000
-211.697900 191.633600 -207.753151 199.227960 -207.005000 197.328000
-211.626700 188.816000 -207.770474 196.396872 -207.022000 194.495000
-211.537000 185.992200 -207.771801 193.533015 -207.007000 191.636000
-211.444400 183.173400 -207.773668 190.674736 -207.002000 188.804000
-211.362800 180.374100 -207.774377 187.881811 -207.005000 186.000000
-211.264700 177.600300 -207.756920 185.115096 -206.983000 183.212000
-211.172000 174.834700 -207.740336 182.261753 -206.961000 180.448000
-211.067900 172.132300 -207.717457 179.426283 -206.922000 177.727000
-210.942500 169.548500 -207.657013 176.741586 -206.854000 175.131000
-210.807500 167.115600 -207.576639 174.244664 -206.759000 172.685000
-210.677900 164.891300 -207.661823 172.161959 -206.661000 170.436000
-210.523800 162.831600 -207.350854 169.909005 -206.545000 168.357000
-210.369300 160.883900 -207.237065 167.923174 -206.422000 166.390000
-210.243400 159.140700 -207.138379 166.102972 -206.323000 164.598000
-210.180400 157.654800 -207.083647 164.581991 -206.272000 163.090000
-210.119700 156.263000 -207.035666 163.114209 -206.228000 161.681000
-210.059800 154.892900 -206.971243 161.705444 -206.181000 160.284000
-209.978700 153.571000 -206.907169 160.351200 -206.094000 158.961000
-209.891700 152.272500 -206.829486 159.026604 -206.039000 157.652000
-209.766700 150.900300 -206.735264 157.711956 -205.920000 156.277000
-209.618400 149.453900 -206.612168 156.236073 -205.798000 154.832000
-209.402000 147.911800 -206.447503 154.721561 -205.612000 153.273000
-209.174500 146.248000 -206.287711 153.154995 -205.449000 151.602000
-208.939400 144.453000 -206.077780 151.256240 -205.259000 149.789000
-208.714900 142.497200 -205.911347 149.320046 -205.095000 147.812000
-208.503800 140.403200 -205.749621 147.196514 -204.935000 145.709000
-208.393000 138.150900 -205.681861 144.909298 -204.880000 143.442000
-208.389600 135.751000 -205.751053 142.502612 -204.929000 141.024000
-208.458300 133.190500 -205.836501 140.020683 -205.059000 138.445000
-208.554900 130.503800 -205.985316 137.147456 -205.216000 135.743000
-208.679600 127.708900 -206.156733 134.390816 -205.414000 132.911000
-208.807700 124.788300 -206.322023 131.515619 -205.581000 129.995000
-208.927800 121.786000 -206.507530 128.378446 -205.749000 126.997000
-208.986400 118.770600 -206.635756 125.498097 -205.918000 123.965000
-209.010800 115.753900 -206.767118 122.342461 -206.037000 121.002000
-208.944000 112.761900 -206.770560 119.424432 -206.063000 118.014000
-208.836500 109.809100 -206.732897 116.385237 -206.045000 115.070000
-208.710600 106.913800 -206.655822 113.549789 -205.986000 112.172000
-208.612900 104.164800 -206.586094 110.738370 -205.915000 109.423000
-208.524100 101.612900 -206.528979 108.050654 -205.876000 106.840000
-208.411800 99.291950 -206.444373 105.744775 -205.804000 104.507000
-208.304000 97.231400 -206.376564 103.618395 -205.742000 102.452000
-208.239900 95.441440 -206.333251 101.797973 -205.703000 100.614000
-208.186600 93.928990 -206.285805 100.271253 -205.649000 99.097600
-208.169400 92.620100 -206.275277 98.948687 -205.661000 97.749700
-208.111400 91.359060 -206.264087 97.916026 -205.601000 96.472900
-208.103700 90.108060 -206.215559 96.386258 -205.606000 95.208800
-208.057300 88.899050 -206.209455 95.465405 -205.568000 93.987000
-207.989700 87.686220 -206.120816 93.940586 -205.518000 92.750500
-207.887500 86.424840 -206.035450 92.683974 -205.429000 91.482800
-207.749700 85.106480 -205.911981 91.345512 -205.311000 90.158000
-207.573400 83.679430 -205.764953 89.960347 -205.169000 88.717000
-207.363800 82.128210 -205.595994 88.496068 -205.001000 87.134700
-207.117800 80.466750 -205.388037 86.965525 -204.784000 85.472600
-206.886600 78.657990 -205.175286 85.140739 -204.580000 83.645000
-206.653200 76.721140 -204.953274 83.219331 -204.364000 81.707300
-206.474300 74.687190 -204.804775 81.105623 -204.215000 79.649700
-206.388100 72.537240 -204.736463 78.902519 -204.166000 77.491800
-206.432200 70.298230 -204.810749 76.675656 -204.240000 75.206800
-206.610100 68.000610 -205.017520 74.267138 -204.456000 72.908700
-206.892700 65.622610 -205.337284 71.815011 -204.778000 70.513700
-207.176400 63.145090 -205.635138 69.361864 -205.087000 68.037800
-207.411300 60.582530 -205.892903 66.792191 -205.354000 65.471300
-207.566400 57.936780 -206.084486 64.158841 -205.550000 62.828600
-207.647700 55.184560 -206.193196 61.349600 -205.679000 60.060500
-207.661500 52.385390 -206.249090 58.477937 -205.743000 57.251900
-207.621300 49.546410 -206.285639 55.669340 -205.791000 54.425900
-207.570900 46.730400 -206.286694 52.900245 -205.810000 51.629700
-207.528900 43.951520 -206.315596 50.101112 -205.838000 48.853700
-207.484900 41.207900 -206.348701 47.351829 -205.895000 46.093100
-207.419300 38.483860 -206.376900 44.523606 -205.919000 43.361400
-207.398300 35.859080 -206.420409 41.946885 -205.980000 40.713200
-207.389600 33.323530 -206.470533 39.420259 -206.038000 38.160000
-207.383600 30.928860 -206.522179 37.036384 -206.105000 35.768700
-207.365700 28.737950 -206.550805 34.860556 -206.145000 33.582000
-207.338200 26.780150 -206.546259 32.777084 -206.166000 31.625500
-207.272200 25.076160 -206.544541 31.159385 -206.158000 29.913600
-207.184900 23.637860 -206.491207 29.682289 -206.124000 28.465300
-207.080700 22.407050 -206.418407 28.434454 -206.065000 27.192900
-206.954300 21.322570 -206.323544 27.249639 -205.974000 26.095500
-206.781600 20.334400 -206.185839 26.300130 -205.836000 25.119700
-206.551700 19.436710 -206.020290 25.414555 -205.675000 24.226600
-206.294700 18.614920 -205.821958 24.562700 -205.474000 23.410400
-205.959400 17.852300 -205.531105 23.771343 -205.182000 22.654400
-205.601700 17.147840 -205.194699 23.035065 -204.854000 21.959100
-205.183200 16.499570 -204.799539 22.321781 -204.461000 21.295300
-204.640200 15.834340 -204.285676 21.611337 -203.953000 20.644800
-203.962000 15.126390 -203.625698 20.868541 -203.314000 19.926100
-203.105900 14.402300 -202.732152 20.526297 -202.510000 19.191000
-202.093300 13.723770 -201.760102 19.439103 -201.521000 18.502300
-200.890700 13.072850 -200.552681 18.805452 -200.282000 17.800400
-199.454900 12.451120 -199.118351 18.180476 -198.849000 17.152000
-197.803000 11.847900 -197.542955 17.720141 -197.214000 16.496800
-195.985800 11.251230 -195.710615 17.199453 -195.409000 15.865700
-194.078300 10.799800 -193.640871 16.475981 -193.542000 15.385100
-192.241500 10.550030 -191.757580 16.209582 -191.735000 15.094900
-190.511600 10.492510 -190.322956 16.290292 -189.952000 14.961900
-188.774500 10.514750 -188.063218 16.075455 -188.201000 14.934500
-187.053000 10.530790 -186.265351 16.100171 -186.462000 14.924300
-185.316100 10.589790 -185.169498 16.375794 -184.705000 14.966500
-183.477200 10.672540 -182.830714 16.283869 -182.848000 15.022800
-181.518300 10.768400 -180.987843 16.424012 -180.844000 15.100400
-179.433500 10.895520 -178.883518 16.531529 -178.735000 15.206300
-177.234800 11.053010 -176.783058 16.733464 -176.513000 15.333200
-174.912900 11.228010 -174.493982 16.933495 -174.147000 15.478500
-172.453800 11.406500 -172.217979 17.189058 -171.661000 15.644500
-169.877600 11.633180 -169.458766 17.306112 -169.055000 15.824000
-167.172600 11.903480 -166.778384 17.580718 -166.335000 16.056400
-164.356100 12.241910 -163.958277 17.908538 -163.510000 16.340900
-161.414200 12.605270 -161.039807 18.379861 -160.559000 16.659100
-158.375100 12.957560 -157.876078 18.578118 -157.504000 16.970200
-155.289000 13.266400 -154.792414 18.881562 -154.398000 17.239700
-152.153500 13.477190 -151.595523 19.072957 -151.260000 17.395900
-148.978900 13.534370 -148.314982 19.130070 -148.063000 17.429900
-145.756200 13.449460 -144.923047 19.088632 -144.861000 17.332600
-142.513300 13.323960 -141.683946 18.957551 -141.602000 17.182100
-139.219200 13.264090 -138.247869 18.779278 -138.328000 17.050400
-135.871600 13.235180 -134.821791 18.688339 -134.961000 16.931600
-132.469300 13.237950 -131.388123 18.635212 -131.533000 16.855500
-128.998700 13.250220 -127.926985 18.603150 -128.053000 16.796100
-125.452300 13.247970 -124.429038 18.589208 -124.530000 16.757800
-121.821900 13.224230 -120.812296 18.566377 -120.927000 16.718100
-118.142800 13.197060 -117.117035 18.534501 -117.291000 16.665000
-114.366200 13.195450 -113.317475 18.496613 -113.551000 16.615300
-110.549500 13.202980 -109.536197 18.465788 -109.815000 16.569400
-106.721100 13.234960 -105.723584 18.460975 -106.021000 16.537600
-102.856200 13.237720 -101.850969 18.448352 -102.226000 16.512000
-99.051970 13.344340 -97.977380 18.448874 -98.416100 16.497000
-95.237560 13.444760 -94.067667 18.471395 -94.608100 16.507300
-91.419640 13.530140 -90.198895 18.483066 -90.792400 16.493200
-87.619070 13.674300 -86.373554 18.528974 -87.007600 16.521700
-83.825400 13.812150 -82.510838 18.590626 -83.245400 16.570700
-80.045030 13.941190 -78.780114 18.667716 -79.494300 16.629600
-76.262920 14.064210 -75.041309 18.742309 -75.761600 16.700400
-72.527230 14.169690 -71.383297 18.822884 -72.112500 16.743400
-68.760100 14.314940 -67.637860 18.906460 -68.434600 16.807300
-65.041990 14.448290 -63.969318 18.976502 -64.784400 16.870200
-61.409550 14.597510 -60.270683 19.059064 -61.153700 16.948100
-57.812780 14.752930 -56.654498 19.139326 -57.569100 17.023000
-54.272080 14.916680 -53.183961 19.227764 -54.041500 17.099700
-50.863180 15.111690 -49.721033 19.348668 -50.537500 17.196800
-47.456920 15.288970 -46.197311 19.443775 -47.069700 17.299100
-44.095940 15.453870 -42.885284 19.553749 -43.675500 17.399100
-40.863370 15.611510 -39.584696 19.672604 -40.376300 17.496700
-37.779270 15.768930 -36.463870 19.770795 -37.255700 17.604400
-34.878460 16.001620 -33.465244 19.888969 -34.305600 17.685800
-32.108550 16.224310 -30.629016 19.984386 -31.492900 17.788100
-29.417700 16.336670 -28.024087 20.061105 -28.816400 17.860800
-26.864830 16.377370 -25.536319 20.108137 -26.280300 17.885700
-24.569330 16.453910 -22.940186 20.114957 -23.913800 17.889900
-22.495940 16.503070 -20.998610 20.082804 -21.771200 17.863800
-20.581990 16.519710 -18.928319 20.049760 -19.820300 17.819900
-18.846180 16.508190 -16.882058 20.032937 -18.045600 17.768000
-17.328990 16.482300 -15.475515 19.987800 -16.479100 17.738500
-16.037550 16.475470 -14.104967 19.961264 -15.091400 17.721900
-14.956120 16.515220 -12.793146 20.021426 -13.920900 17.752300
-14.017770 16.603920 -11.775995 20.083769 -12.915100 17.808200
-13.125570 16.745940 -10.812382 20.190447 -12.003800 17.934300
-12.277220 17.018620 -10.008659 20.391180 -11.193400 18.183300
-11.518690 17.387820 -9.287345 20.739255 -10.470900 18.502800
-10.793900 17.853110 -8.935728 21.191395 -9.736610 18.929600
-10.023690 18.451760 -7.711024 21.745475 -8.985900 19.463300
-9.266871 19.249950 -6.956704 22.522426 -8.167010 20.250200
-8.499983 20.230260 -6.609971 23.372007 -7.410550 21.226200
-7.714471 21.448790 -5.447149 24.789962 -6.626400 22.442000
-6.943853 22.899830 -4.779522 26.263453 -5.847960 23.945900
-6.209422 24.630930 -4.176942 28.069123 -5.122950 25.772300
-5.580618 26.636760 -3.653173 30.118320 -4.555430 27.807800
-5.100718 28.938480 -3.227838 32.488018 -4.087110 30.141900
-4.832290 31.540330 -3.002548 35.085227 -3.785200 32.740700
-4.752808 34.327710 -2.989594 37.953514 -3.689110 35.546800
-4.799016 37.335070 -3.060478 41.031928 -3.729400 38.615300
-4.911943 40.499490 -3.530942 44.134074 -3.837520 41.823400
-5.090383 43.700800 -3.482280 47.520802 -3.985310 45.063500
-5.276585 46.904120 -3.832180 50.696302 -4.122030 48.308800
-5.464336 50.126700 -3.794659 54.033047 -4.262810 51.527200
-5.701735 53.348430 -3.914333 57.334000 -4.376810 54.728800
-5.926283 56.566760 -4.056864 60.522114 -4.482080 57.938800
-6.149722 59.747560 -4.201551 63.703163 -4.586070 61.071200
-6.326192 62.853260 -4.385895 66.770451 -4.668100 64.146700
-6.450595 65.815280 -4.427876 69.811607 -4.754980 67.129300
-6.558018 68.633220 -4.546520 72.677378 -4.831340 69.957800
-6.625230 71.279560 -4.647952 75.329253 -4.883390 72.613000
-6.655510 73.749780 -4.743608 77.861337 -4.949810 75.087200
-6.684464 75.995110 -5.009295 80.177223 -5.000260 77.318400
-6.652349 77.987890 -4.848907 82.183323 -5.017180 79.320600
-6.508811 79.715010 -4.773296 83.927997 -4.912360 81.069300
-6.213677 81.157890 -4.513650 85.431088 -4.649870 82.554400
-5.729615 82.390460 -4.288604 86.543720 -4.232890 83.776100
-5.161236 83.435200 -3.606231 87.715614 -3.723240 84.794300
-4.542652 84.252870 -3.035851 88.546743 -3.126610 85.626700
-3.866113 84.884560 -2.457985 89.187401 -2.523880 86.264600
-3.262439 85.311720 -1.892789 89.632470 -1.947240 86.706100
-2.779876 85.608160 -1.457048 89.945201 -1.500310 87.018600
-2.292931 85.855430 -0.997760 90.215170 -1.043350 87.289700
-1.737887 86.025210 -0.511232 90.410934 -0.553844 87.499600
-1.127115 86.147390 -0.119846 90.459074 -0.029472 87.647700
-0.518659 86.251250 0.559277 90.692509 0.482197 87.768200
0.098283 86.354450 1.097256 90.796258 1.010750 87.900400
0.701588 86.427350 1.678977 90.868156 1.558350 87.973700
1.306431 86.494190 2.212017 90.898481 2.120660 88.030800
1.881704 86.544440 2.808016 90.969162 2.668620 88.082300
2.482048 86.571200 3.411738 90.984296 3.240030 88.104300
3.081643 86.601540 3.974686 91.016940 3.833950 88.130800
3.761151 86.625380 4.668189 91.036677 4.492700 88.151400
4.619787 86.696990 5.473299 91.076435 5.317010 88.204600
5.591334 86.770900 6.443369 91.148613 6.263140 88.267800
6.608439 86.844400 7.115209 91.047349 7.270690 88.328100
7.634023 86.901350 8.525797 91.267510 8.337020 88.383500
8.711110 86.958450 9.703682 91.310815 9.464410 88.414600
9.832777 87.009730 10.825901 91.322307 10.615800 88.438200
11.007620 87.011520 12.048796 91.322904 11.797900 88.437400
12.275390 86.965120 13.204417 91.250164 13.003100 88.374100
13.626340 86.918150 14.544703 91.200836 14.303700 88.330600
15.069990 86.825170 15.832344 91.105958 15.692800 88.238600
16.615310 86.785220 17.347557 91.079047 17.199100 88.210400
18.281790 86.877740 18.909193 91.163678 18.808800 88.302300
20.047850 87.081990 20.610425 91.366518 20.536800 88.490300
21.900640 87.285740 22.429691 91.544302 22.373100 88.668400
23.863160 87.475150 24.420150 91.687859 24.385900 88.790700
25.902040 87.591950 26.420645 91.759027 26.427700 88.864000
28.010580 87.643840 28.544291 91.800816 28.572600 88.902900
30.161670 87.666240 30.716988 91.825769 30.748300 88.921300
32.320100 87.664230 32.876573 91.819513 32.935100 88.935300
34.457590 87.659770 35.077554 91.843023 35.097200 88.922400
36.605810 87.671870 37.243489 91.857060 37.288500 88.939800
38.730770 87.693440 39.368749 91.874476 39.417700 88.962200
40.845470 87.730240 41.502104 91.910848 41.563100 88.977700
42.917780 87.780190 43.599435 91.955686 43.654000 89.015300
44.982820 87.855000 45.710647 92.016280 45.733900 89.070500
47.029150 87.934110 47.784595 92.074236 47.800900 89.131300
49.088540 87.988070 49.873833 92.097095 49.883200 89.165600
51.131190 88.046720 51.907136 92.115144 51.935100 89.202400
53.178890 88.088740 54.037693 92.189760 54.008500 89.221500
55.228720 88.131890 56.086533 92.235934 56.059000 89.261100
57.257270 88.189930 58.127236 92.288846 58.093300 89.304600
59.284240 88.231390 60.185783 92.326174 60.157100 89.329600
61.307870 88.268110 62.197356 92.353225 62.200400 89.366500
63.333450 88.313230 64.175471 92.362131 64.247100 89.380800
65.383590 88.353950 66.239984 92.426988 66.267700 89.417500
67.446480 88.391970 68.274559 92.443502 68.302300 89.452200
69.483090 88.432190 70.290079 92.506439 70.320100 89.489500
71.551190 88.436950 72.313691 92.530773 72.364500 89.513600
73.590280 88.449790 74.382717 92.587531 74.384000 89.532100
75.642440 88.447490 76.389480 92.583486 76.455800 89.544800
77.675640 88.454840 78.438009 92.621043 78.484000 89.556400
79.705830 88.461020 80.467193 92.625309 80.498700 89.562800
81.744040 88.480290 82.521231 92.665242 82.544800 89.577500
83.774580 88.511400 84.565369 92.695909 84.579400 89.598500
85.799340 88.557110 86.618133 92.725669 86.632000 89.625900
87.804420 88.601160 88.653095 92.748967 88.657400 89.653900
89.806920 88.643630 90.682744 92.774142 90.659500 89.662600
91.803370 88.704770 92.698083 92.823898 92.653300 89.701900
93.754020 88.738080 94.701240 92.843227 94.641500 89.721700
95.670500 88.790390 96.657662 92.886028 96.598000 89.754900
97.538390 88.822000 98.604991 92.906109 98.511100 89.766100
99.322990 88.859730 100.430681 92.936863 100.343000 89.796000
100.954900 88.856800 102.267112 92.945862 102.022000 89.779800
102.409400 88.885030 103.620399 92.948097 103.509000 89.797700
103.660500 88.873010 104.930934 92.949548 104.822000 89.797300
104.773500 88.863290 106.090235 92.947504 105.976000 89.794900
105.718200 88.844540 107.087725 92.938711 106.958000 89.770500
106.475800 88.845300 107.879432 92.952073 107.742000 89.777000
107.080900 88.835950 108.479945 92.960287 108.348000 89.794100
107.600100 88.863550 108.971022 93.011607 108.833000 89.836600
108.075700 88.966910 109.444442 93.108111 109.304000 89.933600
108.506900 89.161700 109.891064 93.305869 109.728000 90.118500
108.887900 89.429650 110.287192 93.561546 110.079000 90.346900
109.267500 89.752890 110.607987 93.817092 110.478000 90.644100
109.650400 90.181660 111.063325 94.277225 110.844000 91.033800
110.007800 90.683680 111.455048 94.780294 111.231000 91.532600
110.331900 91.262390 111.828392 95.394018 111.587000 92.118000
110.663200 91.958220 112.198618 96.107497 111.934000 92.805800
110.947400 92.750780 112.500663 96.901381 112.263000 93.581700
111.190500 93.649870 112.764581 97.812508 112.532000 94.455400
111.329400 94.676260 112.927627 98.863812 112.709000 95.454500
111.382200 95.834440 113.026626 100.070741 112.788000 96.581000
111.376200 97.156700 113.067609 101.496479 112.818000 97.844900
111.321400 98.712080 113.107227 103.137663 112.859000 99.338900
111.179000 100.499200 113.098034 104.977505 112.850000 101.032000
111.052600 102.454500 112.835602 106.779906 112.849000 102.909000
110.953400 104.573600 113.084837 109.273415 112.849000 104.995000
110.848100 106.867600 113.047515 111.594188 112.849000 107.250000
110.729000 109.311900 112.781920 113.778517 112.823000 109.667000
110.604600 111.877700 112.946600 116.832599 112.773000 112.235000
110.451100 114.520800 112.839618 119.466234 112.673000 114.898000
110.254000 117.240000 112.478081 121.752886 112.549000 117.612000
110.055600 119.971100 112.493812 124.625895 112.407000 120.352000
109.855900 122.687400 112.162328 127.297316 112.270000 123.059000
109.666000 125.388400 112.200717 130.247103 112.124000 125.749000
109.501800 128.077800 112.071158 133.008419 112.018000 128.431000
109.371200 130.752800 111.969430 135.791769 111.942000 131.086000
109.256400 133.406800 111.887444 138.466219 111.886000 133.738000
109.149100 136.006600 111.807202 141.073355 111.821000 136.310000
109.039300 138.439400 111.733616 143.506791 111.762000 138.727000
108.946900 140.687200 111.672760 145.757441 111.709000 140.934000
108.848000 142.713600 111.606229 147.794831 111.647000 142.957000
108.759900 144.486400 111.518070 149.529507 111.590000 144.734000
108.690000 146.045200 111.482809 151.217805 111.544000 146.316000
108.715900 147.402400 111.430997 152.594094 111.501000 147.714000
108.827800 148.539800 111.393259 153.772330 111.463000 148.907000
108.921200 149.485400 111.400192 154.762375 111.475000 149.850000
109.006800 150.284400 111.403429 155.552230 111.492000 150.671000
109.049700 151.026600 111.428457 156.320648 111.522000 151.423000
109.110000 151.749000 111.459205 157.069990 111.554000 152.164000
109.240400 152.403100 111.481095 157.792889 111.588000 152.879000
109.344100 153.097600 111.500085 158.525342 111.606000 153.631000
109.452600 153.933600 111.518805 159.346250 111.646000 154.504000
109.521400 154.936000 111.540536 160.435394 111.662000 155.527000
109.584300 156.072700 111.544157 161.585136 111.681000 156.679000
109.645200 157.328900 111.487999 162.539872 111.703000 157.955000
109.667500 158.738000 111.543040 164.275636 111.686000 159.375000
109.715500 160.311600 111.546525 165.834974 111.707000 160.948000
109.696400 162.088600 111.533988 167.556930 111.694000 162.709000
109.648800 164.031700 111.522130 169.496437 111.696000 164.619000
109.639100 166.108700 111.496081 171.552479 111.668000 166.712000
109.633200 168.339900 111.461181 173.786328 111.641000 168.938000
109.612700 170.710700 111.413754 176.164925 111.597000 171.306000
109.583300 173.210300 111.369032 178.693238 111.551000 173.816000
109.553500 175.810400 111.313305 181.302905 111.509000 176.418000
109.534300 178.500200 111.260194 183.982735 111.469000 179.122000
109.535800 181.237100 111.237040 186.709822 111.450000 181.877000
109.577200 183.940500 111.178341 189.372546 111.420000 184.606000
109.589000 186.635900 111.188715 192.176500 111.415000 187.305000
109.627500 189.311100 111.161423 194.873456 111.404000 189.984000
109.659000 191.927100 111.110903 197.523429 111.355000 192.596000
109.629600 194.430300 111.005038 200.044347 111.267000 195.140000
109.574900 196.783200 110.891365 202.414419 111.159000 197.503000
109.514500 198.966200 110.781792 204.615011 111.052000 199.707000
109.471200 200.971300 110.693247 206.625374 110.969000 201.716000
109.448700 202.821200 110.627632 208.502517 110.909000 203.571000
109.448800 204.602200 110.589284 210.299299 110.879000 205.370000
109.487500 206.354100 110.579545 212.031297 110.886000 207.125000
109.546200 208.062400 110.609944 213.804100 110.903000 208.841000
109.610500 209.709200 110.631078 215.461503 110.932000 210.517000
109.671900 211.262700 110.643879 217.008510 110.950000 212.082000
109.705900 212.701800 110.626786 218.461661 110.927000 213.527000
109.734000 214.083700 110.600391 219.824922 110.918000 214.892000
109.731100 215.443500 110.548659 221.214443 110.867000 216.263000
109.707300 216.763900 110.478871 222.540311 110.790000 217.590000
109.699800 218.051000 110.425959 223.841133 110.737000 218.884000
109.686600 219.346900 110.372829 225.138269 110.698000 220.184000
109.662800 220.744800 110.323896 226.365514 110.665000 221.529000
109.624300 222.181900 110.292334 227.927970 110.614000 222.954000
109.632900 223.689900 110.284432 229.431009 110.606000 224.446000
109.598100 225.285500 110.208199 230.984923 110.537000 226.028000
109.569800 226.964200 110.144013 232.661325 110.479000 227.702000
109.440500 228.723900 110.001390 234.454249 110.348000 229.457000
109.201500 230.569600 109.767115 236.303090 110.119000 231.303000
108.840200 232.500400 109.425535 238.242827 109.794000 233.219000
108.453300 234.508400 109.065487 240.223117 109.436000 235.233000
108.103400 236.603300 108.722294 242.315296 109.103000 237.325000
107.820000 238.782500 108.446076 244.567109 108.831000 239.511000
107.625300 241.068300 108.253109 246.852993 108.634000 241.818000
107.500700 243.440400 108.122091 249.238211 108.519000 244.207000
107.404300 245.878200 108.039390 251.684585 108.435000 246.694000
107.332600 248.416100 107.955394 254.333881 108.375000 249.249000
107.256600 251.021300 107.900314 256.894682 108.307000 251.865000
107.176600 253.624800 107.818606 259.505232 108.236000 254.469000
107.085700 256.216800 107.726241 262.111955 108.147000 257.080000
106.990300 258.788300 107.611670 264.788078 108.053000 259.659000
106.888800 261.345700 107.522181 267.249115 107.958000 262.221000
106.803900 263.853500 107.424613 269.777397 107.860000 264.747000
106.756800 266.256500 107.337052 272.205389 107.782000 267.161000
106.736800 268.495900 107.264400 274.494136 107.717000 269.454000
106.721100 270.543000 107.212801 276.599359 107.671000 271.542000
106.664600 272.451300 107.156473 278.539490 107.617000 273.472000
106.602400 274.231700 107.110643 280.347221 107.572000 275.261000
106.541100 275.936000 107.072079 282.065651 107.533000 276.971000
106.490100 277.548900 107.052205 283.688173 107.512000 278.591000
106.431000 279.024300 107.049876 285.163491 107.515000 280.056000
106.436000 280.325900 107.095325 286.467520 107.554000 281.363000
106.525700 281.483400 107.206194 287.634827 107.660000 282.515000
106.690800 282.500200 107.377571 288.687919 107.840000 283.534000
106.934200 283.393700 107.632457 289.586048 108.090000 284.417000
107.264500 284.174800 107.903568 290.366794 108.360000 285.197000
107.615000 284.885400 108.210300 291.110076 108.684000 285.951000
108.052900 285.553000 108.607482 291.810225 109.088000 286.629000
108.564200 286.162300 109.058261 292.472793 109.546000 287.274000
109.134400 286.814700 109.589827 293.183582 110.077000 287.954000
109.716100 287.520500 110.177630 293.828220 110.669000 288.661000
110.122000 288.203000 110.647191 294.519775 111.142000 289.308000
110.422100 288.820000 110.976990 295.104764 111.462000 289.906000
110.586500 289.418300 111.201845 295.674117 111.702000 290.502000
110.618300 290.064100 111.299871 296.278769 111.793000 291.103000
110.518800 290.708100 111.308544 296.879952 111.754000 291.680000
110.370600 291.314300 111.216415 297.450791 111.674000 292.248000
110.141900 291.925400 111.043494 297.970342 111.503000 292.760000
109.836600 292.549000 110.757746 298.643680 111.221000 293.345000
109.496500 293.150200 110.418096 299.313011 110.891000 293.907000
109.127000 293.786300 110.062741 299.947540 110.555000 294.509000
108.698100 294.485100 109.634456 300.659774 110.146000 295.183000
108.256700 295.314100 109.181167 301.513502 109.710000 295.995000
107.818100 296.219200 108.741103 302.431736 109.290000 296.910000
107.428300 297.304000 108.385160 303.377306 108.905000 297.980000
107.065000 298.537100 108.030370 304.671336 108.558000 299.202000
106.761100 299.883000 107.750773 306.020637 108.275000 300.566000
106.504600 301.404000 107.499865 307.472825 108.017000 302.081000
106.275100 303.166000 107.268388 309.286419 107.796000 303.819000
106.085800 305.101300 107.074164 311.217252 107.605000 305.753000
105.832300 307.215400 106.839372 313.288473 107.370000 307.848000
105.631300 309.512000 106.645092 315.579689 107.179000 310.139000
105.511000 311.924600 106.488397 318.034922 107.042000 312.572000
105.445300 314.490700 106.423048 320.638805 106.986000 315.128000
105.421000 317.132600 106.381642 323.307979 106.953000 317.785000
105.442800 319.873700 106.366288 326.086322 106.940000 320.537000
105.446400 322.691700 106.355603 328.940380 106.932000 323.379000
105.418000 325.550100 106.300170 331.835908 106.893000 326.280000
105.395200 328.463500 106.260967 334.779793 106.847000 329.237000
105.363900 331.394800 106.212683 337.729134 106.829000 332.191000
105.291400 334.291700 106.139608 340.657624 106.770000 335.101000
105.220100 337.191700 106.067981 343.524985 106.717000 338.012000
105.144300 340.052300 105.987734 346.386968 106.649000 340.880000
105.074500 342.867900 105.887511 349.192079 106.557000 343.724000
105.008900 345.615600 105.757682 351.997297 106.422000 346.519000
104.963300 348.183800 105.628532 354.648589 106.306000 349.151000
104.902500 350.569000 105.525351 357.102090 106.218000 351.583000
104.816700 352.734300 105.398055 359.378207 106.132000 353.787000
104.677500 354.661300 105.367943 361.306877 106.057000 355.754000
104.615300 356.352300 105.344196 363.040182 106.041000 357.485000
104.604300 357.799100 105.355942 364.548183 106.040000 358.986000
104.701100 359.026400 105.448089 365.830111 106.152000 360.262000
104.890600 360.123900 105.634203 366.989484 106.372000 361.382000
105.192900 361.139800 105.900531 368.085433 106.664000 362.436000
105.583500 362.033500 106.312690 369.066277 107.077000 363.386000
106.094900 362.891300 106.804078 369.968531 107.587000 364.296000
106.699400 363.652300 107.432196 370.733942 108.144000 365.014000
107.414200 364.337700 108.170306 371.453934 108.861000 365.748000
108.207300 364.984000 109.032786 372.227865 109.704000 366.497000
109.274200 365.625100 110.149263 372.932117 110.794000 367.156000
110.518200 366.322000 111.470899 373.682298 112.021000 367.839000
111.969200 367.023500 112.993611 374.389478 113.496000 368.552000
113.629200 367.645200 114.622933 374.965138 115.149000 369.177000
115.502500 368.145800 116.718882 375.563871 117.043000 369.678000
117.562800 368.470200 118.860463 375.901747 119.142000 370.033000
119.826500 368.663600 121.200771 376.080215 121.419000 370.227000
122.238200 368.733400 123.628812 376.139923 123.860000 370.283000
124.812600 368.744200 126.286347 376.172235 126.450000 370.284000
127.509600 368.750200 129.039535 376.176260 129.188000 370.293000
130.334100 368.742700 131.932827 376.156297 132.031000 370.277000
133.295700 368.738200 135.027364 376.146794 135.035000 370.282000
136.383900 368.770400 138.170708 376.149652 138.187000 370.289000
139.555000 368.815800 141.418218 376.182815 141.373000 370.306000
142.817300 368.903900 144.809446 376.241366 144.640000 370.370000
146.129200 369.028000 148.092296 376.275134 147.951000 370.465000
149.483900 369.137700 151.642923 376.418735 151.291000 370.545000
152.891500 369.309800 155.124424 376.430038 154.682000 370.621000
156.306000 369.518300 158.602795 376.584888 158.081000 370.703000
159.737200 369.684200 162.087433 376.648975 161.533000 370.757000
163.198500 369.811800 165.627679 376.694988 165.019000 370.797000
166.695400 369.930000 169.164522 376.752619 168.524000 370.853000
170.207000 370.046100 172.704518 376.806856 172.060000 370.910000
173.771600 370.157300 176.304551 376.883833 175.644000 370.976000
177.360900 370.266500 179.973718 376.958476 179.242000 371.073000
180.975000 370.366900 183.676283 377.059622 182.887000 371.158000
184.518100 370.493400 187.322066 377.127726 186.468000 371.228000
188.057900 370.608200 190.956446 377.206758 190.044000 371.312000
191.649500 370.691100 194.580982 377.292155 193.625000 371.383000
195.256300 370.767500 198.272044 377.378618 197.167000 371.456000
198.849500 370.860000 201.843788 377.465257 200.679000 371.546000
202.381300 370.945800 205.379194 377.534931 204.210000 371.622000
205.845900 371.042000 208.810027 377.588256 207.698000 371.691000
209.282900 371.140100 212.209206 377.650595 211.135000 371.740000
212.668000 371.264500 215.595679 377.722966 214.522000 371.813000
216.064400 371.405600 218.948248 377.795016 217.899000 371.883000
219.481600 371.542500 222.356622 377.867164 221.255000 371.963000
222.884100 371.677600 225.724916 377.976197 224.626000 372.046000
226.298100 371.814800 229.149381 378.059329 227.994000 372.136000
229.735800 371.946300 232.557685 378.155920 231.369000 372.240000
233.194100 372.081100 235.978719 378.247892 234.793000 372.337000
236.650500 372.201800 239.317347 378.322712 238.198000 372.417000
240.111200 372.286400 242.708090 378.367221 241.640000 372.475000
243.564300 372.361500 246.325898 378.419731 245.070000 372.493000
247.015400 372.438700 249.851246 378.469634 248.535000 372.541000
250.457000 372.513500 253.217178 378.519499 251.960000 372.585000
253.891600 372.590900 256.676409 378.581975 255.379000 372.636000
257.290300 372.695800 260.087965 378.642940 258.799000 372.684000
260.690700 372.783400 263.467063 378.709324 262.181000 372.748000
264.069500 372.879600 266.870230 378.792968 265.530000 372.811000
267.431600 372.988700 270.263937 378.875264 268.880000 372.908000
270.776800 373.106400 273.673864 378.976404 272.241000 372.995000
274.109000 373.236700 277.006915 379.061715 275.586000 373.096000
277.432900 373.381900 280.434183 379.191683 278.938000 373.214000
280.759300 373.509600 283.824499 379.300644 282.233000 373.313000
284.056000 373.639500 287.091580 379.390115 285.553000 373.410000
287.359000 373.744400 290.404868 379.470123 288.870000 373.476000
290.659600 373.828200 293.728055 379.531502 292.186000 373.527000
293.947900 373.890800 297.168520 379.598878 295.470000 373.582000
297.237800 373.937600 300.450517 379.630569 298.734000 373.622000
300.521400 373.988900 303.750294 379.670953 302.006000 373.666000
303.768300 374.045300 306.971800 379.724249 305.245000 373.718000
306.957900 374.123300 310.231979 379.764585 308.485000 373.749000
310.146500 374.187500 313.504868 379.818942 311.705000 373.781000
313.322400 374.161000 316.727815 379.842503 314.882000 373.804000
316.483700 374.147700 319.747716 379.815955 318.055000 373.831000
319.614100 374.138000 322.969955 379.879085 321.175000 373.847000
322.710900 374.134900 326.154372 379.904879 324.256000 373.869000
325.754600 374.160500 329.048511 379.907797 327.306000 373.913000
328.760000 374.252700 332.246816 380.059987 330.301000 374.016000
331.723400 374.480400 335.093509 380.277195 333.243000 374.238000
334.629700 374.897700 337.993131 380.693574 336.149000 374.659000
337.443500 375.575200 340.822489 381.332195 338.898000 375.272000
340.190600 376.425800 343.607053 382.187682 341.609000 376.107000
342.858100 377.501000 346.279949 383.228293 344.246000 377.131000
345.468300 378.757900 348.855899 384.454473 346.807000 378.342000
348.031800 380.138800 351.376407 385.790636 349.345000 379.679000
350.528000 381.659100 353.937432 387.295112 351.822000 381.107000
353.018700 383.175200 356.418582 388.764746 354.320000 382.589000
355.491300 384.652000 358.870777 390.193845 356.817000 384.028000
357.947400 386.052400 361.369921 391.556890 359.340000 385.393000
360.450400 387.298300 363.920436 392.778174 361.888000 386.596000
362.989400 388.343200 366.592691 393.867709 364.477000 387.617000
365.629600 389.180000 369.365643 394.710844 367.148000 388.429000
368.276800 389.785200 371.985818 395.295953 369.861000 389.052000
371.000200 390.203900 374.806364 395.728577 372.626000 389.453000
373.810900 390.409900 377.664621 395.948203 375.444000 389.668000
376.669700 390.515800 380.552351 395.993953 378.301000 389.696000
379.565900 390.475800 383.494365 395.901476 381.183000 389.606000
382.519300 390.334600 386.434916 395.712605 384.133000 389.428000
385.568500 390.096400 389.423658 395.451448 387.188000 389.165000
388.667700 389.806400 392.536146 395.130459 390.276000 388.850000
391.801000 389.495500 395.629997 394.798883 393.396000 388.510000
394.948500 389.200900 398.748358 394.478378 396.514000 388.194000
398.070600 388.865200 401.872729 394.119153 399.629000 387.836000
401.148300 388.481900 404.926003 393.740695 402.705000 387.426000
404.065800 388.058900 408.005472 393.291147 405.670000 386.996000
406.691700 387.530400 410.509410 392.765387 408.317000 386.453000
409.000000 386.806300 412.860581 392.018596 410.617000 385.721000
410.962900 385.896000 414.871448 391.120149 412.538000 384.803000
412.562500 384.785500 416.588304 390.003792 414.138000 383.773000
413.996700 383.545300 418.025250 388.793821 415.554000 382.499000
415.180900 382.105900 419.206543 387.305652 416.701000 381.046000
416.123400 380.517100 420.110645 385.657428 417.646000 379.386000
416.780300 378.715300 420.808064 383.850604 418.325000 377.631000
417.257500 376.862000 421.279366 381.900270 418.792000 375.730000
417.474300 374.922400 421.511070 379.834862 419.020000 373.740000
417.570600 372.940800 421.588907 377.744694 419.100000 371.696000
417.595000 370.957200 421.587954 375.650631 419.107000 369.653000
417.608000 368.989000 421.574289 373.602345 419.106000 367.669000
417.583600 367.038100 421.521039 371.594761 419.065000 365.692000
417.563900 365.089500 421.459946 369.531984 419.044000 363.731000
417.541600 363.162600 421.438608 367.555289 418.993000 361.786000
417.537500 361.254500 421.396887 365.592074 418.964000 359.865000
417.528500 359.368700 421.363198 363.646507 418.927000 357.972000
417.528100 357.497400 421.330450 361.724061 418.900000 356.090000
417.533000 355.636800 421.272965 359.779041 418.881000 354.208000
417.535200 353.779400 421.273379 357.908634 418.855000 352.330000
417.571900 351.871300 421.264319 355.945358 418.853000 350.424000
417.625100 349.951000 421.285529 354.007078 418.869000 348.493000
417.694000 348.023900 421.334324 352.036184 418.922000 346.546000
417.785900 346.081700 421.398496 350.054646 418.998000 344.592000
417.908800 344.103500 421.497616 348.033592 419.106000 342.598000
418.015700 342.077300 421.582703 345.968981 419.188000 340.547000
418.081000 339.964700 421.613135 343.820236 419.228000 338.416000
418.090200 337.760700 421.573878 341.581802 419.223000 336.179000
418.050600 335.423900 421.397459 339.100492 419.143000 333.839000
417.958300 332.974100 421.382046 336.714807 419.029000 331.344000
417.860400 330.443200 421.217210 334.141151 418.866000 328.785000
417.712700 327.891600 420.971468 331.560423 418.629000 326.205000
417.482600 325.340400 420.663006 328.964987 418.315000 323.605000
417.033400 322.795700 420.233303 326.403875 417.908000 321.051000
416.342400 320.296000 419.589885 323.882487 417.276000 318.566000
415.500300 317.846800 418.757966 321.396023 416.442000 316.099000
414.502200 315.485600 417.750457 318.970230 415.463000 313.718000
413.318100 313.201700 416.555896 316.630260 414.285000 311.404000
412.032900 310.983400 415.252594 314.364564 413.014000 309.179000
410.705100 308.826400 413.914058 312.193873 411.696000 307.023000
409.332700 306.723300 412.556001 310.122589 410.320000 304.887000
407.938700 304.690300 411.155912 308.052338 408.914000 302.817000
406.473300 302.693100 409.716871 306.115637 407.443000 300.803000
404.955000 300.719700 408.170554 304.048565 405.937000 298.811000
403.421700 298.744000 406.613680 302.007690 404.412000 296.798000
401.884500 296.708900 405.067018 299.950783 402.881000 294.759000
400.391900 294.639900 403.599083 297.882276 401.405000 292.682000
398.848100 292.568900 402.194130 295.806844 400.009000 290.607000
397.412100 290.463600 400.837167 293.687879 398.646000 288.498000
396.057400 288.363000 399.536198 291.563075 397.356000 286.369000
394.718200 286.280300 398.276139 289.609658 396.063000 284.282000
393.408400 284.209500 396.961096 287.389066 394.788000 282.200000
392.117400 282.093800 395.699866 285.430570 393.506000 280.098000
390.835100 279.982500 394.394030 283.170336 392.237000 277.988000
389.579700 277.837900 393.179893 281.117771 390.995000 275.846000
388.345300 275.665600 391.925137 278.829488 389.765000 273.655000
387.120100 273.483200 390.720883 276.725275 388.555000 271.452000
385.875700 271.265000 389.458006 274.398349 387.313000 269.242000
384.628200 269.049200 388.218982 272.179353 386.079000 267.018000
383.381900 266.843000 386.974372 270.040695 384.834000 264.813000
382.125900 264.656300 385.704051 267.719239 383.568000 262.606000
380.854500 262.504300 384.444565 265.558820 382.304000 260.432000
379.661500 260.394600 383.160415 263.449321 381.026000 258.330000
378.446600 258.284100 381.860073 261.394105 379.719000 256.266000
377.135400 256.231900 380.556786 259.371518 378.409000 254.234000
375.830100 254.203900 379.254693 257.419586 377.121000 252.244000
374.666100 252.142300 377.979829 255.379500 375.824000 250.246000
373.467400 250.089900 376.676787 253.360617 374.516000 248.233000
372.260300 248.016900 375.335081 251.327014 373.173000 246.210000
371.007200 245.900200 373.961765 249.242034 371.798000 244.128000
369.693400 243.722700 372.540547 247.105993 370.385000 241.996000
368.315100 241.489500 371.079866 244.924858 368.908000 239.805000
366.888500 239.203500 369.571748 242.680780 367.393000 237.559000
365.460800 236.868900 368.041837 240.396670 365.868000 235.276000
364.012600 234.509600 366.513823 238.052873 364.350000 232.934000
362.529900 232.103900 364.989165 235.671694 362.848000 230.586000
361.127000 229.646700 363.469975 233.255689 361.334000 228.167000
359.661000 227.165200 361.966222 230.930333 359.818000 225.748000
358.172600 224.664800 360.428049 228.392682 358.275000 223.282000
356.667000 222.124500 358.806920 225.887277 356.656000 220.795000
355.093500 219.562900 357.115182 223.363293 354.976000 218.269000
353.424100 216.994400 355.358997 220.813143 353.234000 215.732000
351.712100 214.400800 353.571484 218.229378 351.448000 213.166000
349.975600 211.757600 351.759917 215.603378 349.659000 210.565000
348.217300 209.053900 349.932087 212.938868 347.840000 207.889000
346.440100 206.295800 348.089940 210.226738 345.995000 205.187000
344.718700 203.491400 346.258080 207.544708 344.171000 202.458000
343.048900 200.668300 344.441878 204.763590 342.357000 199.721000
341.324500 197.881200 342.614843 202.003960 340.537000 196.970000
339.568500 195.094400 340.822403 199.240586 338.743000 194.240000
337.852500 192.286600 339.039264 196.469434 336.947000 191.447000
336.194600 189.467000 337.250726 193.666172 335.167000 188.683000
334.505100 186.643600 335.477046 190.869530 333.400000 185.889000
332.810200 183.813400 333.717342 188.051931 331.623000 183.069000
331.136400 180.975200 331.943646 185.275205 329.884000 180.275000
329.490700 178.148700 330.206839 182.403162 328.150000 177.482000
327.932900 175.420200 328.547950 179.713084 326.482000 174.795000
326.471500 172.833200 326.989675 177.172801 324.915000 172.258000
325.095300 170.445000 325.533700 174.802511 323.464000 169.888000
323.762200 168.206100 324.155400 172.581041 322.076000 167.662000
322.412400 165.996900 322.737952 170.368259 320.668000 165.468000
321.011100 163.835400 321.311139 168.212487 319.236000 163.311000
319.641800 161.678600 319.916592 166.060329 317.850000 161.162000
318.295500 159.472400 318.527779 163.886856 316.472000 158.970000
316.951800 157.229300 317.142129 161.622422 315.090000 156.756000
315.588800 154.961100 315.741387 159.381312 313.679000 154.520000
314.135600 152.692800 314.280767 157.097720 312.215000 152.264000
312.631900 150.387300 312.793110 154.797779 310.720000 149.963000
311.148500 148.012100 311.272551 152.455406 309.218000 147.619000
309.612900 145.580200 309.720006 150.014881 307.659000 145.213000
308.016700 143.109100 308.129021 147.553692 306.061000 142.740000
306.331100 140.598200 306.479726 145.027887 304.406000 140.234000
304.564400 138.076000 304.773387 142.490617 302.692000 137.696000
302.797400 135.508900 303.025994 139.899145 300.945000 135.127000
300.997000 132.893600 301.262949 137.270196 299.171000 132.510000
299.222800 130.218600 299.454900 134.583302 297.366000 129.838000
297.437100 127.496300 297.649447 131.867731 295.545000 127.118000
295.655500 124.725500 295.861859 129.173818 293.721000 124.388000
293.887000 121.904900 294.040497 126.399006 291.876000 121.559000
292.106700 119.014900 292.125535 123.419518 290.020000 118.705000
290.285600 116.096800 290.268672 120.531696 288.150000 115.819000
288.486200 113.134700 288.410312 117.701787 286.272000 112.904000
286.686000 110.204800 286.518335 114.704743 284.372000 109.984000
284.893700 107.269000 284.632129 111.789472 282.480000 107.097000
283.126100 104.350100 282.735084 108.899384 280.601000 104.231000
281.355100 101.454500 280.877787 106.040441 278.731000 101.370000
279.594100 98.593690 279.032199 103.210646 276.889000 98.557300
277.853700 95.782330 277.245516 100.470177 275.074000 95.770400
276.123300 93.015090 275.427384 97.712864 273.276000 93.040300
274.407100 90.294590 273.690434 95.008893 271.522000 90.353900
272.692900 87.620630 271.928565 92.338247 269.764000 87.699300
270.986100 84.990760 270.154367 89.708091 268.000000 85.077900
269.325100 82.370640 268.449927 87.153426 266.264000 82.508800
267.721500 79.761360 266.747887 84.588985 264.567000 79.976700
266.125000 77.187760 265.028960 82.014216 262.894000 77.475700
264.542700 74.650060 263.415614 79.538579 261.228000 74.973300
262.985600 72.146080 261.768566 77.036995 259.592000 72.500100
261.442300 69.672120 260.188380 74.639101 257.992000 70.051800
259.914000 67.228910 258.603758 72.197375 256.397000 67.627500
258.304500 64.884450 257.083797 69.912022 254.840000 65.249700
256.745600 62.566170 255.569869 67.460027 253.309000 62.883800
255.295000 60.234750 254.166420 65.226694 251.861000 60.546000
253.997800 57.859320 252.830613 62.706766 250.573000 58.172500
252.910900 55.413560 251.766287 60.306857 249.459000 55.710600
252.070800 52.918370 250.929108 57.844344 248.595000 53.204600
251.456200 50.379500 250.329265 55.344118 247.981000 50.691800
251.101500 47.849010 249.958178 52.813367 247.592000 48.143700
250.932300 45.362320 249.773068 50.325610 247.392000 45.625100
250.858900 42.970440 249.675508 47.913533 247.280000 43.199100
250.880600 40.703100 249.615579 45.586219 247.216000 40.866600
250.860200 38.529600 249.529951 43.334208 247.114000 38.631700
250.643100 36.422190 249.272504 41.253467 246.858000 36.484000
250.219900 34.431510 248.825054 39.206000 246.387000 34.520100
249.550300 32.522370 248.155445 37.262874 245.689000 32.608200
248.682400 30.805930 247.254135 35.494983 244.902000 30.768500
247.595100 29.296170 246.101432 33.922783 243.723000 29.230900
246.325600 27.986790 244.774057 32.602245 242.381000 27.869800
244.806500 26.870520 243.247117 31.508758 240.847000 26.799300
243.208500 26.046220 241.584093 30.625577 239.224000 25.998400
241.618500 25.511990 239.967207 30.105333 237.657000 25.518600
240.183400 25.244680 238.498630 29.861263 236.215000 25.289600
238.935000 25.182690 237.217338 29.816085 234.969000 25.270400
237.834400 25.306400 236.062749 29.954538 233.865000 25.404000
236.751000 25.547440 234.963308 30.243450 232.846000 25.685100
235.819600 26.015040 233.922080 30.726622 231.953000 26.150500
235.018800 26.634010 233.005614 31.371335 231.165000 26.751900
234.322500 27.380390 232.182886 32.143751 230.468000 27.463200
233.665300 28.270030 231.547027 33.187747 229.894000 28.382800
233.152200 29.370220 231.099205 34.339277 229.411000 29.487200
232.717700 30.623840 230.764077 35.535165 229.047000 30.720800
232.381300 32.026050 230.538689 36.929376 228.767000 32.154100
232.146500 33.563930 230.385791 38.400608 228.664000 33.593100
231.970000 35.230950 230.302498 40.092613 228.589000 35.252600
231.824100 37.057360 230.255707 41.942127 228.546000 37.055900
231.711700 38.971820 230.233998 43.866580 228.521000 38.968200
231.613800 41.054710 230.217432 45.978920 228.512000 41.038300
231.500400 43.265380 230.222785 48.169407 228.515000 43.264800
231.399200 45.576380 230.256189 50.520305 228.521000 45.582800
231.319600 47.958050 230.268220 52.898741 228.552000 47.970000
231.245500 50.455120 230.320829 55.434826 228.612000 50.464000
231.179600 53.045730 230.386401 58.034014 228.674000 53.041700
231.112600 55.734600 230.468596 60.699926 228.745000 55.727500
231.018200 58.532000 230.532664 63.501676 228.813000 58.506100
230.923100 61.468330 230.646444 66.449969 228.897000 61.399800
230.781800 64.386420 230.676153 69.355776 228.942000 64.306600
230.554400 67.301250 230.672467 72.336347 228.920000 67.210200
230.382900 70.279420 230.661370 75.312501 228.934000 70.188200
230.251900 73.265810 230.687450 78.333462 228.961000 73.192800
230.117200 76.279160 230.724940 81.385901 228.999000 76.202700
229.963600 79.299000 230.744947 84.402886 229.012000 79.218500
229.812600 82.350860 230.788425 87.368416 229.022000 82.288900
229.639600 85.361680 230.785018 90.544815 229.062000 85.341200
229.508400 88.372400 230.848802 93.450284 229.096000 88.395200
229.396200 91.404150 230.889399 96.570016 229.148000 91.407500
229.226100 94.390420 230.883717 99.575096 229.149000 94.374900
229.043400 97.383610 230.862934 102.598422 229.131000 97.341000
228.915600 100.420900 230.903163 105.635250 229.174000 100.365000
228.777400 103.429600 230.927106 108.656069 229.190000 103.379000
228.620500 106.515300 230.938206 111.747661 229.217000 106.449000
228.492800 109.617700 230.976504 114.860567 229.256000 109.544000
228.345100 112.766000 231.019955 118.065001 229.277000 112.691000
228.262200 115.953800 231.073474 121.219060 229.315000 115.864000
228.174500 119.123600 231.061973 124.368125 229.342000 119.006000
228.062700 122.300500 231.110981 127.604433 229.342000 122.169000
227.923700 125.438600 231.080602 130.731025 229.341000 125.306000
227.800300 128.526100 231.131509 133.904754 229.351000 128.388000
227.652200 131.598300 231.079561 136.927119 229.341000 131.441000
227.534700 134.639400 231.091980 139.944403 229.350000 134.477000
227.419600 137.638100 231.106911 142.934794 229.368000 137.472000
227.314300 140.648200 231.130888 145.949687 229.377000 140.487000
227.209000 143.551900 231.145402 148.882228 229.390000 143.412000
227.066800 146.491000 231.134242 151.839976 229.367000 146.351000
226.958600 149.420900 231.144530 154.773483 229.385000 149.229000
226.876000 152.285800 231.176754 157.639980 229.413000 152.076000
226.800700 155.135000 231.233070 160.472231 229.449000 154.901000
226.731900 157.928600 231.245172 163.288889 229.489000 157.688000
226.671000 160.677000 231.282301 166.035146 229.517000 160.446000
226.582000 163.433500 231.293082 168.813297 229.524000 163.168000
226.485000 166.141300 231.294211 171.525255 229.523000 165.861000
226.397200 168.834800 231.297328 174.206576 229.527000 168.564000
226.291800 171.503000 231.286459 176.886541 229.508000 171.234000
226.193800 174.156400 231.275347 179.537678 229.497000 173.870000
226.097700 176.845900 231.273678 182.207775 229.490000 176.540000
226.004100 179.602700 231.275142 184.955585 229.495000 179.286000
225.899400 182.370000 231.282356 187.715957 229.511000 182.041000
225.790500 185.147000 231.288102 190.465264 229.518000 184.786000
225.666400 187.881700 231.280009 193.170257 229.503000 187.493000
225.559700 190.596700 231.290812 195.892200 229.510000 190.194000
225.450800 193.273500 231.286480 198.582234 229.517000 192.876000
225.344100 195.959200 231.299006 201.285638 229.528000 195.552000
225.255300 198.650900 231.316050 203.915707 229.558000 198.216000
225.193200 201.334900 231.353275 206.573552 229.600000 200.879000
225.127200 204.006800 231.386575 209.236611 229.639000 203.520000
225.065500 206.635300 231.430703 211.879972 229.672000 206.141000
225.010800 209.237100 231.465177 214.432681 229.715000 208.714000
224.942500 211.826000 231.490405 217.005917 229.740000 211.275000
224.891100 214.400400 231.533948 219.562337 229.786000 213.823000
224.851300 216.935700 231.591576 222.083279 229.839000 216.337000
224.574700 219.362300 231.641977 224.544133 229.901000 218.780000
224.296500 221.836900 231.686574 227.037390 229.944000 221.287000
224.077500 224.335800 231.744974 229.552449 230.004000 223.805000
223.912600 226.902200 231.815142 232.138495 230.073000 226.440000
223.741800 229.521600 231.856902 234.755678 230.131000 229.024000
223.606900 232.177000 231.903182 237.404995 230.176000 231.682000
223.385500 235.003000 231.907742 240.155495 230.177000 234.428000
223.159800 237.809300 231.883235 242.926081 230.137000 237.192000
222.960600 240.674800 231.864335 245.786339 230.119000 240.003000
222.792300 243.535000 231.862662 248.627334 230.109000 242.833000
222.588700 246.352100 231.848206 251.392038 230.091000 245.628000
222.380700 249.170100 231.829239 254.185377 230.072000 248.402000
222.221500 251.920200 231.868404 256.965467 230.098000 251.130000
222.080000 254.672900 231.879520 259.690059 230.122000 253.852000
221.956900 257.368500 231.911460 262.397097 230.141000 256.552000
221.829100 260.046700 231.942805 265.079575 230.165000 259.213000
221.692500 262.646800 231.939501 267.735866 230.159000 261.830000
221.568600 265.262200 231.957841 270.350602 230.171000 264.459000
221.459700 267.839700 232.000304 272.955723 230.209000 267.042000
221.336200 270.381800 232.020964 275.546321 230.219000 269.606000
221.189700 272.766200 232.021588 278.043857 230.205000 271.985000
221.088000 275.002000 232.024037 280.150569 230.220000 274.216000
221.026400 277.045600 232.074181 282.175740 230.271000 276.258000
221.049000 278.872300 232.203346 284.141896 230.391000 278.086000
221.129600 280.543300 232.362607 285.706970 230.554000 279.752000
221.219900 282.100200 232.543369 287.264734 230.719000 281.314000
221.344400 283.572300 232.762608 288.738081 230.935000 282.772000
221.383300 284.982800 232.886929 290.147525 231.053000 284.183000
221.427300 286.297500 233.017722 291.430017 231.196000 285.478000
221.355400 287.505400 233.031186 292.646160 231.202000 286.665000
221.243100 288.625800 233.003873 293.736571 231.178000 287.768000
221.036600 289.678700 232.875638 294.760030 231.058000 288.807000
220.706100 290.652000 232.623159 295.731475 230.787000 289.753000
220.342100 291.553100 232.319041 296.666712 230.486000 290.647000
219.853800 292.364600 231.897854 297.564789 230.060000 291.527000
219.269900 293.212700 231.236186 298.435026 229.550000 292.354000
218.538100 294.065300 230.697181 299.270626 228.875000 293.231000
217.686800 294.889800 229.701096 300.155559 228.083000 294.061000
216.657700 295.681400 228.870338 301.023871 227.093000 294.893000
215.444500 296.400100 227.698261 301.740195 225.941000 295.608000
214.042800 296.980800 226.297476 302.353451 224.549000 296.247000
212.392600 297.367200 224.692417 302.652819 222.954000 296.668000
210.496800 297.522800 222.731852 303.058487 221.144000 296.930000
208.422600 297.550500 220.544439 303.164259 219.108000 297.029000
206.131200 297.483400 218.172031 303.172353 216.857000 297.039000
203.651200 297.386400 215.677406 303.164159 214.382000 297.048000
200.976300 297.310600 213.217869 303.172031 211.689000 297.091000
198.089000 297.234800 210.321427 303.201737 208.802000 297.144000
194.997600 297.169600 207.217023 303.230272 205.710000 297.212000
191.702200 297.088100 203.798565 303.338405 202.406000 297.273000
188.259400 296.972900 200.242966 303.390442 198.961000 297.306000
184.687600 296.836900 196.741745 303.393046 195.379000 297.334000
180.991300 296.697500 193.019025 303.413600 191.679000 297.357000
177.262000 296.545800 189.166433 303.438883 187.931000 297.357000
173.558400 296.374900 185.490935 303.395165 184.228000 297.341000
169.919200 296.277600 181.685417 303.398906 180.539000 297.337000
166.317100 296.215600 177.963869 303.391251 176.828000 297.331000
162.711100 296.177000 174.262790 303.364211 173.180000 297.306000
159.134700 296.119900 170.583818 303.345078 169.544000 297.291000
155.571100 296.037800 167.118912 303.270194 165.892000 297.279000
152.007700 295.960500 163.369405 303.302402 162.277000 297.270000
148.468000 295.873200 159.775357 303.231343 158.700000 297.266000
144.946600 295.784900 156.171699 303.293647 155.120000 297.263000
141.444100 295.697900 152.612244 303.227233 151.585000 297.265000
137.975600 295.609100 149.089620 303.258982 148.069000 297.258000
134.474600 295.536100 145.564817 303.270382 144.587000 297.240000
131.021500 295.387200 142.028976 303.248183 141.133000 297.203000
127.584800 295.185200 138.595499 303.155720 137.700000 297.104000
124.194200 294.919100 135.211428 302.988118 134.334000 296.927000
120.833000 294.568800 131.873988 302.736817 131.004000 296.691000
117.524100 294.148300 128.519727 302.412103 127.678000 296.364000
114.277200 293.717200 125.227325 302.082247 124.408000 296.020000
111.044200 293.263000 121.954119 301.727356 121.190000 295.669000
107.875300 292.820400 118.725864 301.373418 117.974000 295.311000
104.688800 292.432800 115.476315 301.073521 114.774000 295.010000
101.526200 292.112800 112.280633 300.832953 111.578000 294.766000
98.320670 291.867700 109.048130 300.667511 108.347000 294.608000
95.075730 291.698100 105.764348 300.583216 105.078000 294.523000
91.781610 291.600800 102.430044 300.588541 101.763000 294.518000
88.461730 291.510300 99.048625 300.616763 98.402500 294.550000
85.094010 291.416400 95.809317 300.591635 94.978000 294.572000
81.672540 291.325000 92.208525 300.660191 91.508900 294.597000
78.223590 291.216800 88.732390 300.671448 88.033900 294.608000
74.766450 291.106600 85.278345 300.675401 84.556400 294.596000
71.344240 290.985400 81.852152 300.665839 81.142700 294.588000
67.941880 290.873200 78.547819 300.596183 77.757000 294.571000
64.574620 290.765700 75.041761 300.659860 74.377700 294.571000
61.246410 290.655900 71.677150 300.653690 71.032900 294.562000
57.944380 290.555500 68.372630 300.651534 67.742000 294.557000
54.688490 290.463900 65.217535 300.572488 64.491000 294.539000
51.465180 290.374800 61.889738 300.651026 61.270000 294.535000
48.250390 290.298700 58.660642 300.664802 58.062800 294.544000
45.050130 290.226400 55.452313 300.679201 54.874700 294.541000
41.875270 290.157700 52.310411 300.679879 51.703600 294.549000
38.711490 290.079000 49.161922 300.690763 48.556100 294.548000
35.578690 289.999000 46.002433 300.708074 45.442000 294.548000
32.468040 289.919000 42.898782 300.732501 42.348300 294.559000
29.399030 289.855900 39.869479 300.759725 39.287600 294.579000
26.374440 289.806000 36.864832 300.788905 36.273300 294.609000
23.466190 289.753800 33.981834 300.822542 33.360400 294.635000
20.703250 289.695700 31.227940 300.841694 30.621700 294.649000
18.065590 289.632000 28.597898 300.856390 28.002600 294.662000
15.545090 289.573700 26.051750 300.878211 25.483400 294.669000
13.147890 289.520300 23.675868 300.896243 23.107500 294.682000
10.888030 289.488100 21.433428 300.933763 20.846200 294.713000
8.793075 289.520100 19.337233 301.026437 18.753400 294.806000
6.883822 289.607400 17.423891 301.192481 16.830500 294.964000
5.082836 289.770600 15.624717 301.417750 15.024400 295.177000
3.360773 289.989300 13.882946 301.696609 13.307400 295.452000
1.693438 290.246300 12.203571 302.016438 11.644400 295.761000
0.081762 290.523900 10.586161 302.343156 10.041100 296.091000
-1.454040 290.824700 9.043115 302.685065 8.503530 296.430000
-2.912142 291.153900 7.589511 303.053450 7.070290 296.787000
-4.263831 291.496500 6.256488 303.419941 5.733330 297.162000
-5.469629 291.865200 5.087624 303.796471 4.541790 297.547000
-6.561797 292.250200 3.986595 304.225145 3.474070 297.967000
-7.567325 292.720400 2.997362 304.697638 2.492460 298.425000
-8.250854 293.150700 2.338445 305.119412 1.832980 298.861000
-8.615564 293.414600 1.964787 305.386854 1.468350 299.113000
-8.701378 293.497800 1.875613 305.466280 1.381740 299.198000
-8.677816 293.476200 1.899148 305.436928 1.402630 299.174000
-8.670689 293.481400 1.899589 305.443527 1.404910 299.178000
-8.660467 293.476600 1.894060 305.445672 1.388730 299.184000
-8.651698 293.468700 1.896981 305.444042 1.386430 299.185000
-8.643833 293.460000 1.893710 305.444322 1.405690 299.164000
-8.651930 293.468400 1.868916 305.467328 1.384960 299.192000
-8.687854 293.502400 1.826220 305.503222 1.345460 299.231000
-8.762112 293.570000 1.737657 305.576164 1.259120 299.309000
-8.920494 293.730700 1.575770 305.746414 1.096570 299.470000
-9.169684 294.008200 1.295511 306.046892 0.847366 299.770000
-9.506103 294.394700 0.946000 306.492332 0.534821 300.166000
-9.958653 294.935000 0.531037 307.067412 0.092636 300.742000
-10.520470 295.675700 -0.044532 307.876107 -0.447815 301.515000
-11.117550 296.668100 -0.601909 308.898893 -1.019550 302.520000
-11.708500 297.866400 -1.147919 310.173801 -1.583900 303.800000
-12.237630 299.339200 -1.648009 311.736506 -2.088590 305.315000
-12.683330 301.018400 -1.994605 313.421173 -2.485370 307.015000
-13.070580 302.864600 -2.365446 315.426560 -2.826290 308.900000
-13.368680 304.910200 -2.600077 317.617839 -3.065570 310.975000
-13.565630 307.103100 -2.716671 319.956714 -3.206220 313.216000
-13.722500 309.483700 -2.790393 322.433008 -3.292140 315.651000
