0.000000 0.000000 -0.000079 -0.000442 0.000000 0.000000
0.054181 0.879235 0.041113 0.875637 0.039152 0.886687
0.069768 1.824326 0.050936 1.818670 0.058441 1.862590
0.003415 2.875512 -0.027609 2.856486 -0.033986 2.895760
-0.123130 4.021896 -0.196089 3.982384 -0.182380 4.015430
-0.355562 5.248722 -0.428093 5.206798 -0.412029 5.241110
-0.622388 6.586939 -0.715483 6.506945 -0.685987 6.581190
-0.941959 8.041587 -1.046307 7.955072 -1.019200 8.027640
-1.317954 9.607606 -1.438616 9.486988 -1.401020 9.577720
-1.746028 11.261490 -1.890624 11.126102 -1.868720 11.250100
-2.247333 13.001260 -2.462461 12.898721 -2.429640 13.018800
-2.819369 14.841550 -3.074270 14.738762 -3.039520 14.854700
-3.471584 16.794890 -3.761321 16.685435 -3.726170 16.804900
-4.206227 18.801040 -4.512166 18.714883 -4.484960 18.830500
-5.002325 20.924250 -5.327447 20.842660 -5.293550 20.953300
-5.895726 23.141170 -6.219531 23.049727 -6.182830 23.124700
-6.893668 25.384920 -7.225543 25.336801 -7.182590 25.365600
-7.982190 27.688730 -8.315118 27.643679 -8.288320 27.674000
-9.164411 30.059710 -9.524443 30.043245 -9.459010 30.003900
-10.444260 32.492060 -10.817579 32.457350 -10.755700 32.445900
-11.824940 34.996970 -12.228125 34.987670 -12.182000 34.957500
-13.288260 37.616200 -13.719549 37.631273 -13.634800 37.519300
-14.807970 40.343090 -15.266436 40.302644 -15.186600 40.196000
-16.405480 43.114560 -16.879793 43.046175 -16.806200 42.950300
-18.046730 45.856950 -18.548738 45.772743 -18.487400 45.687600
-19.822820 48.550680 -20.321385 48.480379 -20.235900 48.359700
-21.675070 51.158150 -22.160900 51.110306 -22.077600 50.993000
-23.560100 53.734170 -24.049455 53.675951 -23.975300 53.595600
-25.494780 56.313420 -26.021969 56.303572 -25.910000 56.173100
-27.482530 58.864650 -27.982856 58.917117 -27.891500 58.738400
-29.541190 61.360910 -30.044124 61.396491 -29.933100 61.243400
-31.678300 63.840490 -32.160784 63.908734 -32.073500 63.755800
-33.902360 66.293940 -34.412713 66.451546 -34.325600 66.240500
-36.250580 68.681990 -36.727517 68.880057 -36.641500 68.680100
-38.692550 71.052560 -39.182897 71.321539 -39.075800 71.077300
-41.192840 73.405700 -41.719856 73.786604 -41.601500 73.465500
-43.783840 75.735640 -44.240052 76.049027 -44.218100 75.848200
-46.432290 78.051270 -46.946910 78.466236 -46.882500 78.188900
-49.152200 80.361270 -49.685055 80.814033 -49.599900 80.492600
-51.940820 82.646680 -52.458260 83.095347 -52.388200 82.788400
-54.848670 84.861880 -55.477100 85.465142 -55.286300 84.989200
-57.859180 86.983730 -58.479547 87.596125 -58.325000 87.120800
-60.964150 89.027210 -61.444443 89.443046 -61.441600 89.164600
-64.171330 90.959490 -64.446552 91.148877 -64.669700 91.137300
-67.486660 92.809380 -68.023851 93.290359 -68.009700 93.008400
-70.858280 94.583360 -71.271811 94.932931 -71.356000 94.787200
-74.262510 96.288110 -74.600067 96.558641 -74.773500 96.516800
-77.676110 97.939670 -78.140130 98.346028 -78.201700 98.187300
-81.063060 99.532950 -81.655124 100.075313 -81.593100 99.791200
-84.370760 101.062700 -85.102590 101.708780 -84.923700 101.360000
-87.620370 102.509100 -88.401918 103.201935 -88.206600 102.863000
-90.786320 103.874400 -91.451517 104.616264 -91.379600 104.297000
-93.870530 105.255700 -94.608789 106.104451 -94.456200 105.726000
-96.881570 106.709600 -97.520152 107.531087 -97.449300 107.193000
-99.805830 108.239800 -100.456984 109.085463 -100.383000 108.761000
-102.636000 109.900200 -103.365398 110.796892 -103.220000 110.408000
-105.378400 111.659200 -106.152530 112.595549 -105.908000 112.132000
-107.976000 113.472300 -108.751614 114.440624 -108.484000 113.950000
-110.447900 115.333000 -111.104089 116.256528 -110.914000 115.806000
-112.784900 117.225600 -113.236922 118.043078 -113.235000 117.720000
-115.015000 119.132700 -115.686014 120.198958 -115.422000 119.685000
-117.123400 121.056800 -117.795324 122.198863 -117.491000 121.650000
-119.078900 122.948300 -119.703318 124.150596 -119.444000 123.622000
-120.895600 124.857100 -121.545941 126.137671 -121.258000 125.583000
-122.564000 126.793900 -123.196387 128.098502 -122.932000 127.573000
-124.115200 128.784700 -124.556945 129.969639 -124.481000 129.620000
-125.556900 130.848800 -126.244106 132.296975 -125.927000 131.713000
-126.900700 132.986400 -127.208202 134.097555 -127.270000 133.873000
-128.166200 135.162700 -128.985716 136.808853 -128.565000 136.103000
-129.390300 137.438800 -129.855983 138.769086 -129.789000 138.403000
-130.624700 139.816800 -131.371258 141.498171 -131.013000 140.808000
-131.850200 142.307900 -132.457908 143.916884 -132.232000 143.328000
-133.053900 144.928800 -133.686467 146.640987 -133.438000 145.998000
-134.221100 147.696700 -134.792647 149.435025 -134.583000 148.783000
-135.286000 150.585100 -135.889707 152.399044 -135.674000 151.740000
-136.188200 153.654800 -136.782015 155.458850 -136.610000 154.817000
-136.902400 156.885700 -137.569289 158.832790 -137.342000 158.056000
-137.414500 160.267800 -137.860078 161.935673 -137.882000 161.488000
-137.716200 163.797200 -138.450547 165.901692 -138.205000 165.046000
-137.811800 167.451700 -138.520938 169.640915 -138.321000 168.735000
-137.693100 171.190300 -138.399360 173.623010 -138.218000 172.562000
-137.342300 175.019300 -137.835815 177.247075 -137.874000 176.471000
-136.764600 178.911300 -137.432314 181.912445 -137.314000 180.447000
-135.961700 182.879700 -136.563600 186.162281 -136.525000 184.490000
-134.921000 186.887900 -135.435816 190.317765 -135.492000 188.582000
-133.676900 190.927900 -134.121842 194.626202 -134.228000 192.702000
-132.176400 194.967500 -132.569735 199.176724 -132.714000 196.823000
-130.412100 198.974000 -130.678011 203.410999 -130.952000 200.899000
-128.325000 202.907800 -128.405633 207.701823 -128.848000 204.890000
-125.879600 206.683600 -125.749014 211.942073 -126.378000 208.726000
-123.115600 210.265500 -122.781846 214.699339 -123.580000 212.403000
-120.072500 213.663000 -119.387701 219.576824 -120.484000 215.899000
-116.797700 216.867700 -115.804415 222.852037 -117.134000 219.186000
-113.326600 219.882100 -112.036328 225.957531 -113.585000 222.262000
-109.741800 222.621900 -108.197066 228.615483 -109.906000 225.072000
-106.071200 225.055100 -104.168533 231.124596 -106.152000 227.577000
-102.330300 227.163100 -100.242327 233.179003 -102.313000 229.751000
-98.549080 228.934800 -96.362873 234.388999 -98.443800 231.549000
-94.765260 230.393600 -92.107247 236.549002 -94.560500 233.040000
-91.040120 231.572900 -87.909132 237.912717 -90.743200 234.251000
-87.356360 232.508500 -83.822299 238.947180 -86.955200 235.210000
-83.712820 233.198800 -80.328895 239.021812 -83.199000 235.924000
-80.131800 233.665300 -75.894025 240.190870 -79.516500 236.414000
-76.597140 233.928600 -72.144847 240.412038 -75.879900 236.701000
-73.221710 234.047000 -68.839297 240.001461 -72.385800 236.831000
-69.951170 234.094200 -65.078645 240.459575 -69.000700 236.887000
-66.744420 234.089700 -61.510280 240.470094 -65.708900 236.912000
-63.631270 234.073000 -58.449175 240.305220 -62.516600 236.917000
-60.588190 234.080900 -55.101820 240.318451 -59.379600 236.937000
-57.589970 234.129900 -51.837417 240.263636 -56.352400 237.000000
-54.631270 234.221300 -48.720640 240.065959 -53.347400 237.096000
-51.691800 234.380800 -45.650355 240.398151 -50.388900 237.274000
-48.789980 234.600500 -42.362935 240.579971 -47.480200 237.505000
-45.914730 234.880700 -39.434610 240.866351 -44.619500 237.796000
-43.056600 235.221400 -36.284696 241.076119 -41.742800 238.144000
-40.226560 235.615000 -33.095130 241.651627 -38.899300 238.538000
-37.436510 236.072300 -30.088436 242.132561 -36.105600 238.994000
-34.671830 236.602900 -27.194648 242.674010 -33.338600 239.524000
-31.872100 237.159200 -24.225668 243.256245 -30.541900 240.086000
-29.030010 237.739000 -21.228517 243.851634 -27.697100 240.673000
-26.164210 238.361200 -18.203287 244.494495 -24.833400 241.301000
-23.288400 239.014600 -15.357966 245.124148 -21.969600 241.981000
-20.420150 239.737800 -12.303028 245.904838 -19.153300 242.719000
-17.585900 240.557900 -9.276768 246.745933 -16.320700 243.554000
-14.787740 241.484300 -7.020418 247.636697 -13.534000 244.486000
-12.027780 242.497800 -2.965019 248.903471 -10.778800 245.496000
-9.297034 243.589800 -1.058984 249.877942 -8.048380 246.584000
-6.615868 244.741000 2.582906 251.293545 -5.378030 247.729000
-4.000885 245.950200 3.797218 252.189807 -2.760520 248.949000
-1.445171 247.223500 7.338160 253.703052 -0.217369 250.223000
1.045353 248.560800 9.699056 255.050164 2.277050 251.548000
3.471952 249.950800 12.169625 256.465113 4.702760 252.944000
5.864994 251.410300 14.293693 257.866298 7.110880 254.400000
8.235125 252.947800 15.968931 259.118958 9.516090 255.909000
10.583690 254.573100 18.570308 260.723197 11.913000 257.443000
12.953340 256.177400 20.942845 262.386180 14.298500 258.999000
15.346400 257.781100 23.363342 263.893970 16.721800 260.573000
17.751050 259.400400 25.774549 265.510903 19.136300 262.154000
20.188860 261.030300 28.465576 267.337833 21.579200 263.775000
22.647720 262.666800 30.862725 268.965421 24.009100 265.391000
25.099450 264.305600 33.350252 270.650892 26.453700 267.016000
27.525840 265.954500 35.646986 272.248599 28.872000 268.677000
29.936290 267.631700 38.197955 274.063164 31.284500 270.380000
32.286150 269.360900 40.526653 275.810904 33.611200 272.102000
34.606160 271.143700 42.767300 277.575191 35.892600 273.886000
36.885170 273.027100 45.007516 279.456959 38.097400 275.729000
39.097050 274.998500 47.280674 281.506888 40.295000 277.714000
41.290800 277.096800 49.364149 283.542759 42.482700 279.794000
43.439250 279.297300 51.633511 285.858922 44.615400 281.989000
45.513250 281.622300 53.742148 288.232197 46.671800 284.283000
47.514220 284.070700 55.729607 290.677274 48.659300 286.702000
49.431830 286.626800 57.631801 293.232598 50.576700 289.249000
51.294100 289.273800 59.413643 295.834269 52.419100 291.874000
53.101300 292.012400 61.150971 298.549488 54.238800 294.600000
54.875230 294.809700 62.970114 301.408053 56.028800 297.437000
56.646400 297.643200 64.778265 304.273497 57.822200 300.265000
58.445530 300.513000 66.533653 307.117815 59.631300 303.130000
60.252450 303.405100 68.341368 310.043983 61.453400 306.016000
62.043860 306.330600 70.046366 312.977759 63.247000 308.929000
63.761150 309.296200 71.922618 316.108979 64.967800 311.906000
65.349920 312.311900 73.477302 319.146999 66.560300 314.937000
66.806830 315.364200 74.898809 322.195658 68.037400 317.993000
68.116080 318.458200 76.217934 325.351674 69.355300 321.125000
69.296620 321.579600 77.400390 328.503200 70.546900 324.253000
70.444270 324.701500 78.386670 331.381430 71.699700 327.410000
71.544490 327.823300 79.531939 334.670168 72.814900 330.539000
72.579080 330.962600 80.610677 337.895545 73.855500 333.705000
73.537630 334.109900 81.505797 340.951602 74.833400 336.858000
74.456800 337.228300 82.385034 344.059924 75.754700 339.981000
75.339380 340.280400 83.276063 347.151827 76.661500 343.038000
76.286690 343.179300 84.234421 350.086475 77.628400 345.953000
77.264140 345.918700 85.242908 352.952788 78.632200 348.716000
78.217100 348.599200 86.230229 355.745907 79.629200 351.408000
79.076510 351.282300 87.078599 358.348305 80.488500 354.050000
79.788430 353.970700 87.848880 361.189504 81.214300 356.706000
80.289200 356.680100 88.346416 363.874038 81.741700 359.404000
80.544210 359.422600 88.602427 366.580011 82.030100 362.134000
80.553950 362.181700 88.486743 369.003670 82.061100 364.866000
80.325300 364.950100 88.377433 372.050838 81.856900 367.610000
79.948290 367.764600 87.990536 374.793109 81.501500 370.424000
79.552930 370.623900 87.594460 377.625595 81.130700 373.292000
79.189870 373.576200 87.198787 380.439673 80.788400 376.261000
78.847720 376.617400 86.873963 383.618469 80.457800 379.327000
78.487220 379.779100 86.501848 386.805405 80.124900 382.500000
78.109220 383.024900 86.114990 390.067798 79.765900 385.754000
77.724340 386.331700 85.713057 393.408569 79.401000 389.090000
77.303670 389.673500 85.273428 396.767711 79.004000 392.444000
76.785710 392.998500 84.744725 400.105970 78.508100 395.788000
76.164260 396.307900 84.068746 403.448326 77.907500 399.119000
75.453110 399.563900 83.405639 406.773245 77.214400 402.396000
74.687820 402.778100 82.616669 409.998853 76.464600 405.628000
73.880590 405.959600 81.792253 413.183119 75.658700 408.841000
73.001560 409.140100 80.905341 416.391033 74.803900 412.019000
72.077030 412.325000 79.949136 419.697675 73.902800 415.237000
71.142260 415.518400 78.984288 422.875300 72.991700 418.438000
70.199490 418.732600 78.052886 426.160913 72.072600 421.668000
69.226500 421.954700 77.070195 429.415960 71.121500 424.902000
68.236100 425.167200 76.048658 432.660912 70.139900 428.134000
67.260820 428.363600 75.066464 435.926575 69.170000 431.356000
66.313240 431.552600 74.090803 439.160869 68.224800 434.568000
65.391740 434.718000 73.138094 442.372358 67.301000 437.765000
64.501670 437.856900 72.216633 445.583983 66.415700 440.930000
63.634920 440.951000 71.342240 448.636945 65.546000 444.065000
62.789470 444.005700 70.468745 451.740453 64.701600 447.155000
61.956690 447.015700 69.599561 454.839215 63.870200 450.180000
61.133480 449.961200 68.758106 457.745465 63.030000 453.173000
60.318620 452.867200 67.924844 460.665915 62.201000 456.099000
59.499520 455.718100 67.085690 463.549980 61.392900 458.944000
58.682170 458.529200 66.256889 466.376226 60.582300 461.765000
57.867160 461.298900 65.453512 469.147290 59.801500 464.537000
57.054660 464.035200 64.642740 471.913644 59.016400 467.264000
56.243590 466.731100 63.829538 474.619263 58.228600 469.951000
55.443060 469.359000 63.025749 477.277973 57.436600 472.587000
54.686220 471.907600 62.254347 479.911274 56.709900 475.148000
53.957650 474.335100 61.473032 482.414753 56.001700 477.576000
53.256730 476.667000 60.822616 484.786799 55.322500 479.924000
52.582380 478.963700 60.158842 487.106756 54.673500 482.238000
51.956500 481.261900 59.517995 489.455532 54.072600 484.545000
51.412610 483.574200 58.974427 491.788604 53.533400 486.878000
51.013880 485.899300 58.579838 494.146445 53.167800 489.233000
50.812910 488.248800 58.359161 496.527101 52.967700 491.615000
50.798080 490.609700 58.342885 498.949267 52.970600 493.993000
50.978710 492.984500 58.532260 501.395676 53.170100 496.395000
51.345270 495.367500 58.894636 503.876274 53.551000 498.793000
51.889050 497.738400 59.461741 506.300301 54.115800 501.192000
52.577300 500.130400 60.133404 508.210528 54.821400 503.620000
53.407230 502.515400 61.017568 511.116763 55.674100 506.024000
54.397040 504.884900 62.005115 513.379467 56.680400 508.381000
55.518570 507.215000 63.130440 515.643264 57.818400 510.740000
56.765020 509.509300 64.405950 518.002299 59.068600 513.067000
58.192020 511.730400 65.836906 520.173789 60.510000 515.309000
59.789040 513.824000 67.494670 522.306319 62.127200 517.438000
61.540430 515.752700 69.230581 524.159733 63.885100 519.374000
63.410000 517.523000 71.153276 525.731653 65.759200 521.156000
65.397890 519.217300 73.196452 527.762946 67.758300 522.861000
67.496690 520.814600 75.370417 529.085826 69.871700 524.454000
69.720640 522.307200 77.705755 530.982079 72.116100 525.968000
72.067650 523.642400 80.115250 531.950741 74.478500 527.286000
74.549290 524.809100 82.704091 533.522183 77.002500 528.459000
77.153850 525.815200 85.396407 534.533509 79.653700 529.476000
79.881990 526.633100 88.161826 534.953184 82.410200 530.280000
82.715440 527.211700 91.119354 535.880377 85.279500 530.883000
85.640790 527.586200 94.146008 536.197096 88.276000 531.261000
88.644290 527.748500 97.353690 536.353340 91.355000 531.426000
91.710620 527.693700 100.498720 536.193706 94.433300 531.363000
94.811790 527.411800 103.818936 535.919296 97.629900 531.050000
97.935300 526.886500 107.180279 535.321498 100.796000 530.492000
101.063100 526.157900 110.384237 534.518767 103.993000 529.753000
104.194600 525.225000 113.652832 533.486029 107.157000 528.801000
107.305700 524.079000 116.832128 532.263462 110.284000 527.640000
110.385400 522.743600 119.957619 530.837827 113.403000 526.281000
113.459600 521.282300 123.071598 529.307704 116.513000 524.821000
116.567100 519.769500 125.877058 527.671317 119.643000 523.301000
119.739300 518.237200 129.370988 526.175835 122.810000 521.773000
122.982300 516.640600 132.569053 524.576603 125.997000 520.199000
126.165500 515.061000 135.824570 522.946759 129.216000 518.594000
129.459200 513.419400 138.964687 521.280638 132.518000 516.942000
132.785400 511.739500 142.497667 519.558690 135.846000 515.248000
136.164500 510.030300 145.839893 517.832874 139.226000 513.528000
139.600200 508.311400 149.290486 516.079631 142.605000 511.815000
143.109700 506.548700 152.785110 514.285898 146.103000 510.043000
146.672500 504.761300 156.184559 512.458276 149.649000 508.250000
150.295000 502.937800 160.037735 510.599209 153.263000 506.412000
153.967100 501.081900 163.688747 508.719335 156.936000 504.539000
157.696200 499.214100 167.424210 506.806472 160.638000 502.653000
161.457700 497.333800 171.117227 504.917283 164.383000 500.769000
165.216700 495.416600 174.942900 502.929268 168.122000 498.841000
168.984800 493.501000 178.765337 500.969193 171.876000 496.931000
172.746400 491.586700 182.508292 499.044320 175.645000 494.998000
176.518000 489.688800 186.285392 497.112006 179.409000 493.103000
180.295200 487.819900 190.033282 495.228893 183.203000 491.222000
184.036700 485.970500 193.808546 493.356034 186.959000 489.378000
187.779200 484.135700 197.498716 491.531795 190.746000 487.530000
191.500200 482.306500 201.319190 489.630643 194.481000 485.692000
195.180200 480.469600 204.955159 487.804876 198.191000 483.845000
198.815300 478.621300 208.579922 485.941037 201.834000 481.981000
202.393600 476.753100 212.170908 484.047596 205.462000 480.090000
205.912000 474.880400 215.780969 482.122056 209.014000 478.198000
209.296500 473.041000 219.269337 480.225507 212.455000 476.332000
212.515400 471.274700 222.537720 478.353710 215.678000 474.592000
215.580600 469.586600 225.665649 476.690822 218.793000 472.878000
218.489200 468.019000 228.630629 475.078993 221.733000 471.311000
221.328300 466.599200 231.508231 473.626170 224.605000 469.909000
224.156800 465.368500 234.309795 472.395502 227.469000 468.661000
226.991800 464.316200 237.286406 471.290913 230.346000 467.606000
229.883500 463.424700 240.246767 470.394386 233.302000 466.726000
232.820800 462.731300 242.965086 469.766545 236.254000 466.061000
235.780100 462.243300 246.187664 469.211555 239.225000 465.588000
238.782200 461.945800 249.186860 468.905057 242.251000 465.285000
241.848400 461.905600 251.734302 468.873694 245.325000 465.236000
244.967900 462.147500 255.408980 469.071961 248.422000 465.475000
248.086200 462.682300 258.485848 469.597153 251.506000 466.031000
251.186900 463.495800 261.501005 470.399238 254.608000 466.842000
254.278000 464.580100 264.222481 471.436470 257.659000 467.913000
257.287900 465.915200 267.571991 472.819415 260.664000 469.256000
260.242000 467.523100 270.378872 474.408323 263.588000 470.861000
263.106900 469.351100 273.200719 476.252397 266.408000 472.664000
265.866100 471.381400 275.954915 478.315219 269.185000 474.699000
268.559300 473.556000 278.595418 480.501389 271.887000 476.869000
271.204400 475.840000 281.227363 482.800266 274.518000 479.142000
273.819900 478.206700 283.721477 485.188000 277.108000 481.494000
276.385100 480.590800 286.404760 487.684862 279.677000 483.857000
278.915500 482.977100 288.850375 489.922826 282.228000 486.240000
281.390900 485.346800 291.286510 492.260142 284.733000 488.598000
283.809500 487.633100 293.726863 494.595376 287.182000 490.881000
286.165500 489.759700 296.207464 496.809022 289.566000 493.025000
288.479300 491.699500 298.575988 498.780480 291.914000 494.975000
290.753400 493.425200 301.008296 500.649827 294.218000 496.709000
292.943900 494.909400 303.243781 502.171749 296.435000 498.215000
295.050000 496.208200 305.174545 503.501421 298.565000 499.528000
297.157600 497.295500 307.598628 504.643900 300.698000 500.637000
299.275300 498.080400 309.412091 505.389770 302.837000 501.432000
301.409300 498.552800 312.039853 506.015069 305.015000 501.954000
303.638500 498.806300 314.255940 506.237473 307.255000 502.224000
305.825500 498.755800 315.990270 506.096614 309.469000 502.164000
307.969500 498.413400 318.246743 505.764901 311.681000 501.855000
310.082700 497.866400 320.497282 505.152547 313.849000 501.338000
312.168500 497.169500 322.961951 504.551882 315.998000 500.662000
314.242500 496.345000 325.013506 503.706134 318.116000 499.862000
316.287200 495.404000 327.075628 502.760274 320.223000 498.958000
318.242200 494.293900 328.898624 501.683614 322.199000 497.861000
320.067800 492.959300 330.797205 500.176663 324.049000 496.535000
321.691800 491.422900 332.520752 498.730080 325.706000 495.003000
323.027900 489.679600 333.916525 497.016831 327.122000 493.306000
324.128000 487.907400 335.098460 495.183682 328.301000 491.511000
325.083100 486.074100 336.105795 493.232608 329.288000 489.625000
325.901600 484.156200 336.929514 491.186613 330.116000 487.645000
326.541500 482.161200 337.445387 489.091517 330.743000 485.585000
326.975000 480.110600 338.028253 486.920429 331.193000 483.485000
327.199900 477.981300 338.217919 484.750158 331.433000 481.332000
327.207600 475.816100 338.206469 482.503470 331.457000 479.145000
326.987100 473.574900 337.947831 480.267164 331.247000 476.910000
326.612600 471.312500 337.562759 477.736551 330.860000 474.573000
326.101700 468.984300 336.994902 475.301776 330.342000 472.215000
325.485000 466.584700 336.355641 472.817858 329.736000 469.774000
324.770900 464.117300 335.620054 470.371379 329.041000 467.281000
324.015300 461.568800 334.832795 467.821493 328.299000 464.710000
323.241500 458.937100 334.024285 465.160795 327.526000 462.075000
322.428100 456.221600 333.189489 462.487414 326.713000 459.345000
321.582200 453.438700 332.306039 459.702087 325.886000 456.588000
320.700500 450.590200 331.362977 456.788017 325.013000 453.731000
319.803300 447.709400 330.413403 453.920029 324.132000 450.877000
318.882300 444.812700 329.435988 450.951724 323.212000 447.988000
317.933600 441.902000 328.443862 448.039954 322.272000 445.066000
317.026500 438.982700 327.515652 445.151962 321.358000 442.147000
316.159500 436.052700 326.605519 442.220937 320.501000 439.228000
315.357400 433.104800 325.782613 439.370455 319.680000 436.280000
314.633500 430.138600 325.020678 436.322371 318.943000 433.306000
314.023700 427.174800 324.386637 433.381975 318.338000 430.335000
313.546100 424.188800 323.879466 430.381912 317.866000 427.358000
313.186000 421.191700 323.438592 427.541582 317.515000 424.378000
312.967300 418.184200 323.274371 424.383028 317.312000 421.393000
312.864500 415.179900 323.143153 421.396143 317.208000 418.387000
312.872600 412.155500 323.116067 418.362570 317.211000 415.382000
312.990400 409.162100 323.201420 415.322863 317.315000 412.385000
313.203500 406.159400 323.399734 412.275604 317.531000 409.403000
313.520300 403.163500 323.698552 409.279555 317.848000 406.391000
313.923800 400.189100 324.053298 406.351037 318.250000 403.399000
314.410500 397.252500 324.500343 403.489031 318.724000 400.463000
314.957200 394.350700 325.062062 400.359698 319.283000 397.549000
315.563700 391.486400 325.637746 397.454276 319.890000 394.657000
316.210700 388.682600 326.248234 394.810223 320.549000 391.831000
316.875600 385.969600 326.940423 391.952555 321.232000 389.113000
317.575400 383.411700 327.613159 389.446674 321.939000 386.561000
318.278300 381.082600 328.302666 387.144287 322.643000 384.206000
318.940600 378.964700 328.970628 385.023112 323.312000 382.091000
319.536100 376.960800 329.578887 383.064582 323.936000 380.095000
320.051600 374.976800 330.163101 381.063762 324.518000 378.127000
320.455200 373.030400 330.638121 379.104812 324.989000 376.160000
320.667900 371.083600 330.918538 377.142864 325.233000 374.219000
320.639300 369.178900 330.916851 375.201088 325.243000 372.305000
320.367200 367.308200 330.652464 373.326518 325.017000 370.442000
319.812200 365.451900 330.099304 371.458519 324.518000 368.572000
318.977600 363.612500 329.326039 369.554177 323.742000 366.756000
317.917200 361.899400 328.232968 367.835881 322.726000 365.053000
316.653200 360.259800 326.923252 366.148796 321.490000 363.413000
315.183100 358.649300 325.458092 364.593833 320.047000 361.805000
313.573000 357.006500 323.927516 363.113914 318.441000 360.159000
311.803000 355.325900 322.015950 361.292813 316.679000 358.477000
309.911600 353.572300 320.097110 359.554876 314.789000 356.704000
307.954100 351.681100 318.144817 357.705714 312.845000 354.806000
305.918800 349.709900 316.202847 355.977170 310.826000 352.829000
303.815100 347.660800 313.987444 353.739443 308.727000 350.761000
301.671400 345.530600 311.837214 351.670106 306.589000 348.632000
299.493500 343.321800 309.643721 349.501341 304.424000 346.438000
297.311600 341.063800 307.457865 347.357211 302.244000 344.192000
295.144200 338.750800 305.178207 344.972294 300.071000 341.907000
293.010900 336.383800 303.016107 342.662817 297.932000 339.554000
290.937000 333.945100 300.913873 340.337537 295.854000 337.134000
288.991700 331.405200 298.899083 337.753489 293.879000 334.605000
287.170900 328.759000 297.041914 335.159435 292.053000 331.979000
285.462000 326.045600 295.254850 332.458289 290.333000 329.282000
283.830800 323.246400 293.576436 329.686963 288.673000 326.472000
282.268800 320.363300 292.035344 327.053624 287.056000 323.582000
280.755300 317.391500 290.369397 323.831009 285.522000 320.618000
279.273700 314.371200 288.823098 320.833669 284.021000 317.615000
277.774600 311.308900 287.290558 317.837717 282.518000 314.568000
276.264200 308.193000 285.731838 314.722359 280.985000 311.451000
274.757100 305.022400 284.191248 311.577702 279.476000 308.286000
273.207400 301.793600 282.603181 308.348697 277.935000 305.050000
271.619600 298.531900 280.991977 305.102132 276.362000 301.783000
270.024400 295.205700 279.357780 301.777203 274.777000 298.453000
268.363800 291.836000 277.691106 298.456141 273.123000 295.088000
266.611600 288.477200 275.937837 295.240129 271.359000 291.736000
264.727500 285.132100 273.995764 291.867672 269.459000 288.399000
262.759200 281.800100 271.988549 288.613636 267.454000 285.065000
260.701700 278.471600 269.852649 285.248288 265.375000 281.745000
258.620500 275.176300 267.715344 282.019890 263.260000 278.422000
256.506400 271.837700 265.537294 278.691358 261.125000 275.100000
254.344100 268.488000 263.313825 275.352991 258.952000 271.739000
252.173900 265.097000 261.056357 271.898252 256.791000 268.395000
249.944700 261.678700 258.850915 268.619997 254.599000 265.021000
247.696800 258.253900 256.528097 265.209932 252.357000 261.609000
245.448300 254.808000 254.221523 261.789028 250.088000 258.178000
243.193400 251.334600 251.926190 258.402164 247.810000 254.710000
240.896500 247.824500 249.536305 254.817665 245.538000 251.234000
238.556700 244.277400 247.159773 251.298986 243.229000 247.735000
236.174700 240.690700 244.869402 247.907298 240.872000 244.156000
233.763000 237.091500 242.361298 244.212128 238.494000 240.580000
231.332800 233.457600 239.956998 240.661530 236.158000 237.009000
228.838300 229.808000 237.538843 237.134900 233.759000 233.422000
226.342900 226.169100 235.089764 233.616851 231.320000 229.831000
223.818800 222.533800 232.563343 230.020180 228.834000 226.240000
221.285700 218.901400 230.021842 226.457751 226.338000 222.640000
218.752300 215.265000 227.505709 222.913149 223.825000 219.027000
216.249600 211.634900 224.989301 219.326143 221.339000 215.406000
213.762100 207.997700 222.469888 215.703335 218.880000 211.798000
211.316800 204.351400 219.984837 212.064607 216.445000 208.164000
208.893800 200.676600 217.522661 208.413976 214.058000 204.525000
206.508300 196.989800 215.121376 204.822698 211.662000 200.866000
204.177700 193.291200 212.752472 201.172934 209.322000 197.179000
201.927600 189.547700 210.468731 197.454427 207.071000 193.427000
199.739900 185.759300 208.264176 193.716538 204.882000 189.622000
197.634000 181.950500 206.156907 189.968286 202.795000 185.802000
195.568100 178.118500 204.004231 186.037017 200.745000 181.941000
193.561400 174.281900 201.929237 182.173758 198.756000 178.101000
191.624100 170.408300 200.010067 178.532960 196.748000 174.200000
189.716900 166.527700 197.966560 174.542540 194.808000 170.312000
187.815500 162.621800 195.978266 170.610588 192.883000 166.394000
185.959300 158.681600 194.053207 166.711207 190.994000 162.432000
184.094000 154.737900 192.092281 162.738044 189.109000 158.490000
182.239600 150.794500 190.163796 158.809442 187.241000 154.563000
180.398400 146.846200 188.250031 154.870708 185.393000 150.619000
178.592100 142.900000 186.357143 150.929955 183.565000 146.690000
176.795000 138.933400 184.482202 147.020799 181.744000 142.734000
174.974500 134.967700 182.616132 143.108424 179.919000 138.793000
173.137100 131.051800 180.720218 139.247478 178.065000 134.901000
171.221700 127.194200 178.713216 135.392801 176.119000 131.041000
169.204100 123.403700 176.599632 131.581948 174.064000 127.239000
167.059300 119.698200 174.357195 127.864236 171.885000 123.531000
164.778800 116.075700 172.085463 124.376633 169.610000 119.947000
162.368900 112.524900 169.534657 120.766026 167.187000 116.447000
159.842700 109.067300 166.959854 117.388127 164.656000 113.035000
157.243500 105.701500 164.285379 114.071775 162.034000 109.713000
154.586000 102.373400 161.490246 110.695096 159.359000 106.421000
151.852400 99.075390 158.657363 107.385889 156.618000 103.180000
149.065100 95.812170 155.854620 104.211476 153.826000 99.922900
146.211000 92.589950 152.922941 100.976725 150.966000 96.708600
143.290400 89.438890 149.879075 97.792939 148.038000 93.563100
140.313900 86.318510 146.824584 94.694089 145.033000 90.453400
137.315300 83.188540 143.769176 91.622461 142.008000 87.348400
134.309400 80.022690 140.746359 88.556582 139.023000 84.233400
131.293700 76.854850 137.743929 85.504177 136.028000 81.115100
128.257000 73.680270 134.698142 82.391854 132.968000 77.928200
125.224000 70.510050 131.611561 79.219266 129.935000 74.748700
122.171600 67.325860 128.522378 76.067079 126.892000 71.581600
119.104200 64.151150 125.424889 72.949221 123.818000 68.415000
116.003700 60.986180 122.248725 69.804617 120.724000 65.279600
112.861400 57.817240 119.043342 66.680964 117.600000 62.145900
109.667300 54.647940 115.840948 63.588149 114.418000 59.022100
106.494700 51.468900 112.542946 60.405398 111.233000 55.865900
103.294400 48.292970 109.336592 57.337603 107.993000 52.715300
100.126400 45.132480 106.237693 54.336698 104.796000 49.563700
96.950460 41.977160 102.871196 51.094396 101.585000 46.407900
93.739320 38.803750 99.643212 47.992654 98.392200 43.281300
90.567830 35.632100 96.441667 44.891921 95.213500 40.123400
87.415790 32.458970 93.265356 41.790070 92.069300 36.960400
84.260040 29.295850 90.108327 38.700714 88.939500 33.836200
81.123540 26.129440 86.931180 35.565814 85.804700 30.677000
77.992680 22.957970 83.834623 32.517124 82.692600 27.515600
74.890600 19.774830 80.625087 29.317896 79.561400 24.339200
71.780370 16.590360 77.572112 26.283899 76.458400 21.177700
68.630430 13.396510 74.395673 23.124578 73.359000 18.008600
65.471800 10.205970 71.297635 20.037896 70.260900 14.847500
62.314330 7.007367 68.130557 16.870472 67.196900 11.722200
59.206170 3.808043 64.876852 13.576903 64.133100 8.553100
56.091860 0.584754 61.412966 10.030367 61.039900 5.357890
53.008120 -2.625659 58.527652 7.180365 58.025400 2.226740
49.955730 -5.822352 55.437616 4.040766 55.017800 -0.893652
46.935070 -9.021045 52.549977 1.070257 52.026900 -4.025860
43.893000 -12.216550 49.544334 -1.984458 49.053800 -7.106520
40.929340 -15.293680 46.663326 -4.919534 46.140200 -10.129700
38.089530 -18.317430 43.793117 -7.903625 43.308300 -13.129100
35.418750 -21.291630 40.906910 -11.002773 40.616800 -16.087400
32.866820 -24.157290 38.290344 -13.833777 38.031300 -18.952200
30.511610 -26.943030 35.852018 -16.592271 35.619400 -21.734000
28.282770 -29.552800 33.599329 -19.168121 33.382000 -24.330000
26.270910 -31.981160 31.183847 -21.941876 31.320800 -26.757100
24.406470 -34.119140 29.530687 -23.752692 29.402600 -28.898400
22.621160 -35.934900 27.567417 -25.710901 27.601100 -30.719800
20.883450 -37.415600 25.305255 -27.535494 25.858300 -32.191700
19.174900 -38.513760 23.931957 -28.491708 24.132800 -33.314300
17.516050 -39.260550 21.963276 -29.327226 22.460500 -34.068800
15.838890 -39.714580 20.332722 -29.910232 20.754900 -34.581800
14.191360 -39.829780 18.565872 -30.081482 19.070700 -34.694400
12.634270 -39.672360 16.930578 -29.986256 17.465300 -34.616300
11.172310 -39.260550 15.360290 -29.588289 15.950900 -34.226000
9.789695 -38.629800 14.029198 -28.628542 14.492200 -33.579900
8.497673 -37.738490 12.558710 -27.971748 13.160100 -32.694200
7.308945 -36.616890 11.413574 -26.737755 11.939100 -31.528800
6.256320 -35.282630 10.437678 -25.294401 10.932600 -30.135800
5.377697 -33.729560 9.672801 -23.047209 10.016300 -28.485900
4.666734 -31.994970 8.952765 -21.706846 9.375500 -26.700500
4.118069 -30.087400 8.464055 -19.678748 8.858740 -24.746100
3.675026 -28.058910 8.157253 -17.074241 8.438280 -22.662300
3.306982 -25.913550 7.771519 -15.158694 8.078500 -20.442000
2.950683 -23.671670 7.575084 -12.454496 7.751040 -18.130000
2.589654 -21.354230 7.186058 -10.228433 7.398500 -15.752600
2.235350 -18.941910 6.929782 -7.575746 7.039660 -13.237200
1.883217 -16.438970 6.584114 -4.921150 6.713490 -10.665400
1.539703 -13.883430 6.295980 -2.203928 6.386090 -8.034670
1.229057 -11.374200 6.049490 0.426676 6.065180 -5.437640
0.914029 -8.934948 5.821327 3.033475 5.769950 -2.952830
0.572467 -6.591425 5.681514 5.491649 5.447660 -0.563789
0.172462 -4.328516 5.304079 7.922780 5.091070 1.756970
-0.233814 -2.148095 5.001841 10.236576 4.786840 3.951330
-0.652500 -0.027237 4.713304 12.482921 4.435810 6.084500
-1.128803 2.027763 4.340210 14.656975 4.044180 8.159990
-1.682534 4.091749 3.957769 16.861337 3.584820 10.259600
-2.326851 6.156888 3.499675 18.972069 3.047170 12.329700
-3.006582 8.222648 2.906909 21.158479 2.437280 14.400100
