0.000000 0.000000 -0.001746 -0.005975 0.000000 0.000000
0.059875 0.430540 0.052209 0.457479 0.056329 0.436252
0.240194 0.981257 0.235152 1.000338 0.236449 0.985924
0.531827 1.620036 0.544372 1.637694 0.527934 1.616160
0.999102 2.286905 1.008051 2.359002 0.992207 2.283100
1.634196 2.948016 1.589913 2.921737 1.599530 2.915210
2.465897 3.579897 2.315284 3.335224 2.415150 3.554030
3.507611 4.202254 3.486594 4.168078 3.448670 4.185130
4.794196 4.791823 4.770444 4.692692 4.754020 4.792880
6.329744 5.330723 6.559840 5.424861 6.305720 5.323400
8.109243 5.878028 8.230655 5.849079 8.128130 5.890420
10.112010 6.449695 10.315078 6.456336 10.165800 6.464730
12.311460 7.000760 12.360312 6.904589 12.386200 7.014190
14.649940 7.512325 14.803683 7.440589 14.751700 7.513020
17.045990 7.933466 17.089361 7.797954 17.189000 7.939210
19.495760 8.228210 19.383478 8.018994 19.657700 8.230860
21.992720 8.306307 22.078204 8.111264 22.195500 8.281530
24.504830 8.124873 24.604154 7.894571 24.719200 8.101020
26.991550 7.679836 27.062894 7.445063 27.202500 7.630180
29.438030 6.997717 29.273401 6.741880 29.629500 6.929870
31.783040 6.157692 31.859009 5.876941 31.966300 6.083950
34.061480 5.135804 34.119437 4.844437 34.225200 5.062720
36.249090 3.963231 36.121310 3.677335 36.397900 3.878620
38.339410 2.756405 38.412689 2.448746 38.472900 2.669130
40.387000 1.476584 40.411689 1.128786 40.526100 1.376310
42.507450 0.121543 42.568905 -0.247415 42.644100 0.012386
44.798470 -1.255569 44.873129 -1.632004 44.895500 -1.350690
47.253440 -2.652713 47.358279 -3.057233 47.318400 -2.752900
49.829130 -4.119797 49.856305 -4.499577 49.872400 -4.230240
52.496600 -5.654198 52.516332 -6.043778 52.507900 -5.769510
55.197500 -7.201418 55.268975 -7.629120 55.177800 -7.318680
57.889050 -8.733355 58.006976 -9.189800 57.828000 -8.855250
60.568300 -10.237180 60.695495 -10.710612 60.481000 -10.363500
63.209030 -11.720560 63.468048 -12.252370 63.101000 -11.859700
65.794730 -13.245590 65.891239 -13.731094 65.682200 -13.388900
68.306160 -14.789450 68.585632 -15.379255 68.192800 -14.936500
70.774870 -16.359280 71.001592 -16.936473 70.640400 -16.516500
73.207180 -17.930420 73.419878 -18.495108 73.057000 -18.090500
75.585180 -19.500110 75.779660 -20.056617 75.427300 -19.671000
77.976200 -21.045650 78.138709 -21.596334 77.813800 -21.204900
80.359750 -22.550030 80.578433 -23.146793 80.201100 -22.715800
82.721600 -24.045560 82.885385 -24.598576 82.571800 -24.232000
85.130890 -25.457240 85.282843 -26.011661 84.984500 -25.652400
87.583520 -26.763470 87.793601 -27.329457 87.443800 -26.960100
90.052030 -27.962520 90.205773 -28.510927 89.904700 -28.167400
92.567280 -29.055560 92.810384 -29.622546 92.448200 -29.292900
95.091560 -30.042180 95.281280 -30.589810 94.973800 -30.287300
97.627970 -30.999950 97.885016 -31.571071 97.493900 -31.254700
100.184800 -31.914080 100.400615 -32.467370 100.033000 -32.181400
102.738700 -32.746220 102.922577 -33.290797 102.584000 -33.038500
105.306500 -33.553570 105.514337 -34.112664 105.150000 -33.865200
107.889600 -34.298460 108.122159 -34.877837 107.724000 -34.627300
110.487000 -34.993230 110.734098 -35.588608 110.298000 -35.338200
113.094500 -35.631080 113.348483 -36.227322 112.884000 -35.983500
115.714700 -36.218190 115.975197 -36.821937 115.497000 -36.579800
118.336800 -36.794500 118.571078 -37.386779 118.106000 -37.168500
120.956100 -37.311260 121.208542 -37.902340 120.732000 -37.701000
123.575400 -37.808670 123.833822 -38.396465 123.352000 -38.202900
126.178100 -38.305940 126.476271 -38.895257 125.933000 -38.699300
128.749000 -38.789160 129.087698 -39.376687 128.506000 -39.180200
131.294400 -39.254810 131.659926 -39.843869 131.036000 -39.657800
133.800300 -39.697620 134.107083 -40.266767 133.516000 -40.115700
136.267300 -40.152820 136.600222 -40.728060 135.975000 -40.589200
138.705700 -40.571180 138.999883 -41.133260 138.403000 -41.023400
141.108200 -40.918610 141.409050 -41.487963 140.801000 -41.384100
143.486200 -41.184130 143.801782 -41.763518 143.172000 -41.667100
145.827400 -41.344840 146.150716 -41.919670 145.512000 -41.834500
148.116900 -41.390150 148.454313 -41.967440 147.808000 -41.883900
150.394500 -41.337850 150.783982 -41.930094 150.102000 -41.857800
152.640300 -41.243160 152.974663 -41.848062 152.356000 -41.800800
154.896300 -41.171990 155.285624 -41.819364 154.617000 -41.772700
157.139500 -41.129290 157.456213 -41.782241 156.840000 -41.767000
159.364300 -41.123040 159.708163 -41.806428 159.064000 -41.804900
161.541500 -41.143410 161.873635 -41.853046 161.230000 -41.856500
163.691100 -41.184580 164.028611 -41.919418 163.397000 -41.936400
165.794600 -41.169840 166.214068 -41.927078 165.486000 -41.942300
167.853000 -41.036680 168.204110 -41.805553 167.527000 -41.838200
169.861400 -40.814300 170.287170 -41.590878 169.536000 -41.633500
171.785700 -40.498720 172.141696 -41.282194 171.466000 -41.330400
173.656900 -40.100850 174.068510 -40.883819 173.329000 -40.941300
175.466100 -39.643440 175.863772 -40.434066 175.139000 -40.505600
177.238400 -39.176700 177.583789 -39.968178 176.920000 -40.045400
179.051200 -38.637820 179.421611 -39.431303 178.740000 -39.531500
180.842400 -38.130090 181.213799 -38.931284 180.548000 -39.036500
182.654500 -37.585090 182.985875 -38.389066 182.374000 -38.501000
184.499200 -36.994200 184.837140 -37.810687 184.227000 -37.934200
186.326400 -36.336250 186.698898 -37.164418 186.080000 -37.299900
188.179600 -35.586660 188.585970 -36.424957 187.943000 -36.593600
190.033300 -34.744990 190.469240 -35.605471 189.814000 -35.779100
191.950900 -33.866980 192.310444 -34.738643 191.717000 -34.918500
193.922400 -32.984310 194.288517 -33.869793 193.700000 -34.043600
195.981900 -32.091960 196.311699 -32.959188 195.732000 -33.161900
198.044700 -31.179470 198.373318 -32.036720 197.793000 -32.262800
200.096400 -30.282730 200.461329 -31.135297 199.835000 -31.384600
202.149000 -29.377620 202.503197 -30.231608 201.908000 -30.499600
204.205200 -28.490440 204.582807 -29.346963 203.989000 -29.619900
206.280400 -27.683360 206.641451 -28.560985 206.078000 -28.840500
208.395100 -26.949400 208.794040 -27.822441 208.177000 -28.133300
210.511400 -26.248260 210.886414 -27.123509 210.306000 -27.448000
212.653100 -25.542730 213.067382 -26.417288 212.430000 -26.772700
214.826000 -24.841570 215.189506 -25.727239 214.585000 -26.075600
217.025900 -24.115450 217.299102 -25.016053 216.764000 -25.364600
219.237300 -23.317850 219.552803 -24.224171 218.979000 -24.590000
221.445500 -22.466040 221.708958 -23.409020 221.146000 -23.780600
223.667300 -21.584010 223.861083 -22.572922 223.364000 -22.942200
225.887600 -20.687600 226.078466 -21.688914 225.564000 -22.080900
228.072000 -19.761640 228.277568 -20.769085 227.779000 -21.178000
230.220200 -18.813360 230.454612 -19.828690 229.937000 -20.242200
232.380100 -17.819580 232.667063 -18.821085 232.121000 -19.262400
234.567900 -16.817990 234.844324 -17.840589 234.314000 -18.290800
236.713000 -15.809910 236.971673 -16.859600 236.461000 -17.314600
238.851800 -14.765210 239.149317 -15.805872 238.614000 -16.294900
241.017000 -13.683470 241.344539 -14.735492 240.776000 -15.244200
243.189400 -12.578710 243.522719 -13.649378 242.955000 -14.176900
245.303900 -11.468690 245.602649 -12.564105 245.077000 -13.088100
247.468200 -10.349670 247.706966 -11.479947 247.251000 -11.987300
249.645100 -9.231011 249.923688 -10.359959 249.435000 -10.897900
251.806300 -8.090111 252.078650 -9.229085 251.598000 -9.791190
253.960700 -6.938930 254.270579 -8.096386 253.784000 -8.668460
256.101100 -5.755645 256.415793 -6.911855 255.948000 -7.505690
258.215000 -4.543629 258.503707 -5.720051 258.106000 -6.304110
260.307600 -3.272954 260.718539 -4.402209 260.212000 -5.051790
262.344400 -1.883065 262.848554 -2.969891 262.269000 -3.682630
264.302700 -0.414263 264.736776 -1.567244 264.236000 -2.240010
266.252100 1.068534 266.799444 -0.031810 266.210000 -0.785248
268.265900 2.447327 268.904478 1.387515 268.259000 0.579437
270.324900 3.759467 270.991542 2.687613 270.363000 1.874110
272.419700 5.022290 273.097030 3.932557 272.484000 3.110180
274.560900 6.266911 275.227508 5.148017 274.665000 4.322940
276.693900 7.483336 277.390910 6.376799 276.834000 5.528910
278.872400 8.703796 279.563711 7.580023 279.038000 6.719120
281.097600 9.935075 281.841450 8.824469 281.295000 7.931400
283.337500 11.219770 284.059782 10.075492 283.549000 9.189680
285.578400 12.544850 286.227269 11.335525 285.791000 10.478300
287.831600 13.911530 288.615367 12.787385 288.065000 11.831300
290.088700 15.396350 290.861750 14.249892 290.335000 13.273500
292.311900 16.932960 293.104525 15.782321 292.582000 14.772900
294.493900 18.481610 295.323294 17.355948 294.805000 16.343100
296.720900 20.090920 297.503358 18.978127 297.010000 17.962600
298.978300 21.804860 299.711347 20.742185 299.180000 19.671400
301.361000 23.633810 301.817275 22.517254 301.332000 21.468000
303.645300 25.487530 303.878770 24.293021 303.488000 23.290700
305.870300 27.427630 305.989660 26.185617 305.629000 25.192000
308.019400 29.387000 308.026293 28.075179 307.744000 27.129200
310.140700 31.374480 310.084941 30.014241 309.822000 29.028800
312.194800 33.399420 312.128163 32.028210 311.864000 31.023800
314.189200 35.447230 314.157837 34.087861 313.855000 33.018300
316.138800 37.517350 316.132924 36.159435 315.813000 35.051700
318.049100 39.628100 318.041833 38.262739 317.723000 37.120600
319.943200 41.728570 319.936680 40.352750 319.626000 39.192000
321.828600 43.822610 321.833385 42.456094 321.540000 41.274500
323.748400 45.934260 323.760700 44.558323 323.479000 43.359400
325.706500 48.018020 325.657805 46.568276 325.445000 45.417200
327.739600 50.080930 327.740697 48.650561 327.500000 47.465500
329.840400 52.117880 329.879072 50.703621 329.609000 49.439400
331.997600 54.088750 332.036948 52.653289 331.795000 51.390000
334.230000 56.046050 334.214715 54.555133 334.034000 53.307600
336.499800 57.995180 336.561038 56.537547 336.339000 55.242300
338.816900 59.925620 338.873455 58.443158 338.682000 57.149500
341.178100 61.833440 341.220855 60.314647 341.094000 59.042100
343.554900 63.722300 343.654263 62.252927 343.450000 60.888400
345.957800 65.576790 346.088371 64.083210 345.877000 62.706100
348.386500 67.418200 348.527681 65.927086 348.324000 64.537100
350.801500 69.229240 350.935380 67.732828 350.759000 66.327900
353.254100 71.038830 353.397218 69.557845 353.211000 68.120700
355.698600 72.844900 355.824379 71.364153 355.654000 69.912300
358.141800 74.650950 358.245464 73.165754 358.100000 71.697700
360.583100 76.452920 360.682762 74.969413 360.531000 73.498800
363.026300 78.255900 363.208211 76.844904 362.985000 75.274800
365.452200 80.044720 365.590947 78.585562 365.433000 77.044300
367.845000 81.823410 368.040088 80.392020 367.833000 78.783700
370.166400 83.579750 370.382617 82.155571 370.170000 80.526800
372.393300 85.288160 372.594991 83.846923 372.412000 82.204900
374.497600 86.944540 374.718077 85.504451 374.538000 83.841500
376.478000 88.495560 376.683984 87.045288 376.537000 85.386400
378.371000 89.933730 378.594687 88.494653 378.436000 86.803000
380.183400 91.300940 380.414795 89.863354 380.270000 88.161100
381.933000 92.573690 382.168188 91.139579 382.024000 89.413200
383.660900 93.763590 383.903663 92.339047 383.762000 90.602300
385.476400 94.921870 385.749959 93.525537 385.619000 91.766000
387.358800 96.029350 387.639105 94.632967 387.530000 92.852000
389.297900 97.086300 389.618724 95.697459 389.497000 93.903600
391.333900 98.175050 391.675810 96.777077 391.560000 94.984200
393.414000 99.266980 393.787261 97.872321 393.663000 96.035500
395.549800 100.322500 395.942694 98.923471 395.823000 97.063800
397.704500 101.322500 398.096559 99.907243 398.010000 98.053200
399.824200 102.279600 400.225810 100.840389 400.138000 98.968500
401.916600 103.140900 402.321145 101.683179 402.256000 99.792900
403.950600 103.902700 404.359858 102.421874 404.307000 100.521000
405.959700 104.590800 406.385509 103.090077 406.314000 101.160000
408.011000 105.108200 408.459875 103.600761 408.369000 101.649000
410.135100 105.485400 410.619701 103.981344 410.521000 102.017000
412.361000 105.790800 412.874011 104.295666 412.763000 102.311000
414.624700 106.058600 415.139132 104.557291 415.028000 102.557000
416.897400 106.297800 417.350788 104.769609 417.306000 102.763000
419.163900 106.506600 419.607138 104.887494 419.578000 102.932000
421.493300 106.727000 421.962631 105.156991 421.911000 103.127000
423.737200 106.947800 424.183311 105.362461 424.145000 103.323000
425.977100 107.191600 426.436148 105.562008 426.370000 103.543000
428.102800 107.420100 428.601423 105.816103 428.465000 103.757000
430.149200 107.670800 430.599627 106.025246 430.506000 103.956000
432.117500 107.907600 432.590470 106.232692 432.482000 104.143000
434.025800 108.008100 434.497068 106.299821 434.390000 104.195000
435.758200 108.009100 436.271764 106.263499 436.154000 104.159000
437.299000 107.930500 437.838778 106.153841 437.689000 104.040000
438.581000 107.769400 439.108911 105.980351 438.973000 103.828000
439.666200 107.607000 440.242763 105.791023 440.067000 103.643000
440.608900 107.409000 441.180882 105.587539 441.010000 103.424000
441.398700 107.289400 441.976166 105.453865 441.777000 103.305000
441.992900 107.179100 442.577789 105.316047 442.370000 103.178000
442.448600 107.110700 443.036242 105.217590 442.809000 103.073000
442.905900 107.038600 443.505246 105.098152 443.273000 102.958000
443.346800 107.014100 443.955432 105.030801 443.709000 102.892000
443.836000 106.989300 444.461764 104.955122 444.193000 102.840000
444.473000 106.989500 445.108146 104.916344 444.823000 102.805000
445.205500 106.946300 445.759882 104.839809 445.554000 102.715000
446.012900 106.953300 446.600243 104.784335 446.367000 102.680000
446.902800 107.033600 447.485850 104.822343 447.230000 102.713000
447.889800 107.210000 448.457272 104.949448 448.193000 102.846000
448.987400 107.446500 449.522888 105.146997 449.273000 103.020000
450.189500 107.822200 450.760467 105.474569 450.469000 103.343000
451.491100 108.402100 452.132625 105.926794 451.770000 103.775000
452.928900 109.084800 453.543366 106.500489 453.225000 104.335000
454.502200 109.798100 455.158081 107.204210 454.752000 105.005000
456.158200 110.666600 456.815884 108.062904 456.416000 105.865000
457.971900 111.646100 458.639852 109.070429 458.158000 106.830000
459.877400 112.735800 460.508499 110.144061 460.033000 107.900000
461.883200 113.914900 462.572739 111.354018 462.040000 109.074000
463.988700 115.182000 464.579989 112.559452 464.133000 110.321000
466.175500 116.517700 466.704914 113.852269 466.340000 111.625000
468.435400 117.924700 469.015029 115.255712 468.608000 113.016000
470.781100 119.404400 471.418968 116.725169 470.962000 114.464000
473.219400 120.926800 473.847691 118.241587 473.406000 115.955000
475.743400 122.510800 476.437620 119.829354 475.921000 117.498000
478.344300 124.160400 479.099809 121.503364 478.506000 119.118000
480.992000 125.864000 481.846559 123.224779 481.170000 120.794000
483.679900 127.592900 484.571167 124.961612 483.927000 122.491000
486.447600 129.273600 487.355241 126.641152 486.721000 124.138000
489.320000 130.826500 490.273420 128.140966 489.654000 125.654000
492.282900 132.213200 493.393416 129.562514 492.656000 126.986000
495.358000 133.438200 496.594752 130.755321 495.779000 128.139000
498.513800 134.409800 499.822457 131.690116 499.008000 129.062000
501.751100 135.064200 503.024497 132.301164 502.250000 129.680000
505.042300 135.427700 506.108483 132.571291 505.571000 130.010000
508.395000 135.556900 509.906089 132.735510 508.913000 130.126000
511.770400 135.475700 513.293247 132.613309 512.311000 130.019000
515.185000 135.299200 516.444104 132.334244 515.753000 129.809000
518.623000 135.097900 520.271879 132.151388 519.197000 129.560000
522.144800 134.847000 523.796510 131.848531 522.728000 129.271000
525.734400 134.578800 527.054189 131.460715 526.332000 128.963000
529.399100 134.293800 530.935671 131.190395 530.012000 128.645000
533.133700 134.010400 534.473604 130.837907 533.758000 128.335000
536.936600 133.686300 538.167032 130.448916 537.620000 127.982000
540.806000 133.326000 542.034182 130.025144 541.475000 127.585000
544.802000 132.892300 546.207781 129.532368 545.389000 127.138000
548.848400 132.415900 550.201314 129.022792 549.371000 126.650000
552.948000 131.900800 554.107884 128.481912 553.426000 126.111000
557.104100 131.327900 558.377979 127.863227 557.576000 125.528000
561.317500 130.706600 562.691085 127.190577 561.773000 124.883000
565.599800 130.051200 566.945891 126.504088 566.083000 124.207000
569.941500 129.367300 571.325208 125.779937 570.432000 123.509000
574.351700 128.666500 575.707763 125.035577 574.798000 122.783000
578.779700 127.953800 580.142917 124.282358 579.211000 122.046000
583.237100 127.258900 584.581497 123.527071 583.632000 121.316000
587.713000 126.567300 589.095577 122.747515 588.073000 120.560000
592.202000 125.884700 593.593190 121.995842 592.518000 119.826000
596.683800 125.215200 598.069964 121.264981 596.964000 119.119000
601.149700 124.558400 602.529328 120.546832 601.404000 118.437000
605.601500 123.870200 607.000787 119.830544 605.832000 117.736000
610.038700 123.194200 611.494480 119.146430 610.253000 117.051000
614.483600 122.547100 615.979463 118.465484 614.670000 116.414000
618.926400 121.903400 620.405448 117.807614 619.096000 115.763000
623.350300 121.254400 624.743660 117.137224 623.492000 115.102000
627.741900 120.615400 629.017267 116.494488 627.852000 114.478000
632.071600 120.016600 633.893105 115.811459 632.115000 113.892000
636.318800 119.412600 637.579521 115.279198 636.309000 113.308000
640.484000 118.825100 641.895084 114.648614 640.449000 112.733000
644.497600 118.256100 645.696223 114.107803 644.454000 112.169000
648.278400 117.698400 649.478238 113.551282 648.269000 111.604000
651.817400 117.176000 653.022121 113.024006 651.839000 111.082000
655.064500 116.712400 656.379275 112.540868 655.106000 110.628000
657.980700 116.314200 659.755847 112.075219 658.021000 110.242000
660.526400 115.964600 662.009986 111.764906 660.555000 109.914000
662.701100 115.630800 664.372540 111.425388 662.727000 109.597000
664.544000 115.185100 666.256894 110.971998 664.617000 109.168000
666.220700 114.557800 668.073316 110.288657 666.255000 108.544000
667.731400 113.722400 669.551063 109.447415 667.734000 107.671000
668.815500 112.652100 670.808565 108.392948 668.885000 106.634000
669.721700 111.420600 671.749385 107.109257 669.782000 105.387000
670.375000 110.040000 671.826306 105.533780 670.386000 103.975000
670.743500 108.532100 672.759037 104.070050 670.731000 102.450000
670.853700 106.905800 672.737371 102.444084 670.843000 100.807000
670.479600 105.203700 672.391235 100.710042 670.553000 99.104200
669.886200 103.505000 671.682281 99.025293 669.954000 97.574200
668.934000 101.811700 670.616492 97.312353 668.979000 95.883000
667.713400 100.128500 669.328721 95.537558 667.853000 94.207000
666.284600 98.431790 667.806941 93.859426 666.428000 92.433000
664.691900 96.730170 666.152799 92.091088 664.818000 90.672300
662.951100 95.069520 664.370892 90.497265 663.055000 89.028000
661.045400 93.515090 662.435025 88.956065 661.101000 87.516200
658.978100 92.108080 660.308864 87.556034 659.029000 86.179400
656.784000 90.796840 657.764387 86.172938 656.827000 84.941700
654.501500 89.445100 655.666242 84.930007 654.534000 83.675000
652.178300 88.060580 653.277885 83.570326 652.165000 82.351400
649.787300 86.622730 650.797582 82.139640 649.760000 80.973900
647.361600 85.108610 648.163851 80.605617 647.294000 79.505200
644.842400 83.549870 645.667686 79.070078 644.727000 77.983000
642.252000 81.948280 642.800276 77.601866 642.116000 76.440900
639.681300 80.324390 640.276424 75.903491 639.522000 74.866600
637.149300 78.658370 637.856180 74.230110 636.983000 73.273700
634.666500 76.993840 635.327865 72.593608 634.484000 71.667500
632.251900 75.355150 632.863028 70.994688 632.057000 70.105600
629.879500 73.738570 630.458908 69.438672 629.668000 68.574700
627.590500 72.163550 628.146257 67.902068 627.360000 67.066900
625.387200 70.610050 625.933373 66.423579 625.134000 65.582500
623.318500 69.115660 623.730999 65.112768 623.056000 64.184700
621.410500 67.709240 621.942626 63.656277 621.135000 62.873500
619.670100 66.436970 620.160225 62.471457 619.394000 61.679200
618.153900 65.289110 618.673542 61.365218 617.866000 60.600900
616.867100 64.327580 617.353800 60.447014 616.566000 59.684000
615.819600 63.530860 616.309850 59.676655 615.542000 58.937400
614.973800 62.932120 615.440318 59.089416 614.695000 58.350000
614.330800 62.461620 614.780225 58.605807 614.020000 57.879700
613.811100 62.069300 614.250985 58.217345 613.486000 57.497500
613.313200 61.694250 613.737547 57.850404 612.968000 57.142600
612.830400 61.322490 613.213954 57.484156 612.462000 56.766300
612.348000 60.956790 612.715373 57.121361 611.958000 56.417200
611.900500 60.618970 612.237857 56.774231 611.483000 56.066400
611.476100 60.298910 611.794940 56.453802 611.036000 55.745500
611.109300 60.011850 611.405897 56.183210 610.662000 55.475200
610.766100 59.758400 611.049598 55.935862 610.307000 55.236200
610.434000 59.483890 610.707868 55.671992 609.964000 54.977800
610.127300 59.236310 610.387023 55.434796 609.632000 54.736600
609.810600 58.983200 610.058626 55.194651 609.308000 54.498300
609.426900 58.683240 609.667142 54.907308 608.925000 54.214700
608.885000 58.245010 609.110500 54.479365 608.357000 53.797800
608.141400 57.643250 608.273916 54.259555 607.603000 53.224100
607.226200 56.864850 607.440031 53.165805 606.686000 52.482100
606.175100 55.922830 606.394585 52.246303 605.650000 51.577200
604.988800 54.815760 605.243395 51.328262 604.474000 50.515600
603.721000 53.539790 603.980924 50.024862 603.207000 49.286200
602.357600 52.129810 602.508139 48.931436 601.838000 47.923600
600.872200 50.598950 601.114913 47.194402 600.335000 46.450400
599.313100 48.940800 599.513626 45.503534 598.749000 44.850400
597.636500 47.153860 597.797590 43.776927 597.028000 43.113000
595.881100 45.248230 595.976571 41.906433 595.202000 41.274300
594.057800 43.236600 594.125218 39.979867 593.308000 39.317000
592.228600 41.166150 592.245002 37.967620 591.430000 37.317500
590.416500 39.097260 590.410980 35.951701 589.586000 35.305400
588.589700 37.035950 588.559695 33.948064 587.731000 33.284600
586.727400 34.953000 586.652696 31.925872 585.842000 31.288600
584.835300 32.869090 584.741069 29.851739 583.918000 29.281900
582.909900 30.778460 582.770943 27.805817 581.944000 27.239900
580.956400 28.682870 580.761909 25.793911 579.938000 25.195200
578.981900 26.559660 578.753100 23.672146 577.910000 23.126000
576.989600 24.412110 576.720552 21.647828 575.868000 21.045000
575.013400 22.261790 574.687414 19.469237 573.827000 18.939800
573.061000 20.092300 572.698434 17.351189 571.803000 16.809100
571.135300 17.941960 570.745740 15.319949 569.833000 14.732200
569.253000 15.812370 568.822363 13.235609 567.886000 12.645100
567.402800 13.684550 566.916504 11.083252 565.980000 10.559900
565.597000 11.594760 565.089403 9.064222 564.128000 8.527130
563.776800 9.568871 563.223690 7.075422 562.253000 6.559750
562.016200 7.610878 561.415554 5.157481 560.440000 4.646000
560.357800 5.761759 559.735989 3.404470 558.733000 2.845830
558.790600 4.059161 558.112455 1.669526 557.131000 1.193600
557.388800 2.556647 556.682231 0.204163 555.688000 -0.263794
556.166300 1.224300 555.452228 -1.067827 554.435000 -1.552340
555.086800 0.038120 554.335136 -2.242269 553.326000 -2.724730
554.091900 -1.065239 553.295856 -3.289942 552.291000 -3.795410
553.156200 -2.093206 552.351144 -4.323559 551.319000 -4.796080
552.265400 -3.039119 551.438000 -5.255300 550.419000 -5.713130
551.446200 -3.918816 550.607199 -6.100849 549.582000 -6.558320
550.714900 -4.709150 549.843259 -6.892276 548.810000 -7.328120
550.055400 -5.411455 549.153796 -7.597835 548.115000 -8.025880
549.472200 -6.063502 548.564572 -8.209257 547.504000 -8.674530
548.991400 -6.627882 548.056802 -8.794985 547.023000 -9.217800
548.582100 -7.090666 547.643042 -9.244503 546.607000 -9.662170
548.257600 -7.479973 547.300796 -9.625406 546.266000 -10.039900
547.987500 -7.803179 547.014758 -9.935479 545.979000 -10.342000
547.768900 -8.070234 546.786709 -10.182321 545.743000 -10.594700
547.592600 -8.293718 546.595203 -10.403675 545.553000 -10.812300
547.438700 -8.468806 546.432563 -10.581370 545.391000 -10.986100
547.312300 -8.609266 546.301415 -10.726829 545.263000 -11.128600
547.212800 -8.727030 546.193486 -10.845431 545.153000 -11.248900
547.137900 -8.816118 546.109900 -10.936875 545.065000 -11.339500
547.093000 -8.878200 546.055887 -11.000735 545.014000 -11.399100
547.069500 -8.915003 546.024060 -11.037399 544.990000 -11.435900
547.040300 -8.948208 545.996701 -11.068923 544.957000 -11.467300
546.977500 -9.002351 545.953326 -11.118426 544.911000 -11.516000
546.906300 -9.075048 545.892844 -11.185387 544.849000 -11.580700
546.823300 -9.175395 545.810889 -11.277765 544.766000 -11.671600
546.717900 -9.307750 545.717602 -11.372927 544.660000 -11.790900
546.577700 -9.471357 545.567196 -11.541201 544.516000 -11.943700
546.411500 -9.667371 545.395539 -11.732115 544.346000 -12.130100
546.222400 -9.896104 545.198106 -11.952581 544.146000 -12.345300
546.013600 -10.141830 544.978862 -12.194118 543.929000 -12.583700
545.783400 -10.398320 544.741379 -12.448703 543.691000 -12.830300
545.569500 -10.646660 544.516620 -12.695318 543.460000 -13.073300
545.387700 -10.868510 544.337495 -12.891292 543.275000 -13.284200
545.242600 -11.049650 544.183921 -13.062803 543.122000 -13.455400
