1.000000 0.000000 0.000000 0.000000 0.000000 1.000000 0.000000 0.000000 0.000000 0.000000 1.000000 0.000000
0.999999 0.000806 0.001459 -0.006334 -0.000800 0.999989 -0.004573 -0.002194 -0.001463 0.004572 0.999988 0.963966
0.999997 -0.001450 0.002146 -0.002610 0.001462 0.999985 -0.005356 -0.000839 -0.002138 0.005359 0.999983 1.918590
0.999993 -0.002544 0.002675 -0.010497 0.002547 0.999996 -0.001203 -0.005161 -0.002672 0.001210 0.999996 2.851420
0.999985 -0.005026 0.002072 -0.008167 0.005016 0.999975 0.004981 -0.008848 -0.002097 -0.004971 0.999985 3.799570
0.999963 -0.008630 0.000484 -0.004831 0.008627 0.999950 0.005100 -0.005768 -0.000528 -0.005095 0.999987 4.737680
0.999938 -0.011150 -0.000090 -0.008162 0.011151 0.999936 0.002146 -0.003513 0.000066 -0.002147 0.999998 5.666550
0.999930 -0.011798 -0.001076 -0.012064 0.011796 0.999929 -0.001532 0.002753 0.001094 0.001519 0.999998 6.591530
0.999933 -0.011496 -0.001511 -0.018248 0.011493 0.999932 -0.001826 -0.003115 0.001532 0.001809 0.999997 7.520500
0.999932 -0.011348 -0.002631 -0.027239 0.011348 0.999936 0.000077 -0.002938 0.002630 -0.000107 0.999997 8.434600
0.999936 -0.010927 -0.002860 -0.039212 0.010934 0.999937 0.002687 0.003171 0.002831 -0.002718 0.999992 9.375410
0.999930 -0.011191 -0.003720 -0.048127 0.011208 0.999928 0.004346 0.004734 0.003671 -0.004387 0.999984 10.296900
0.999912 -0.012427 -0.004540 -0.049245 0.012450 0.999910 0.005016 0.008165 0.004477 -0.005072 0.999977 11.210700
0.999904 -0.012723 -0.005561 -0.055716 0.012752 0.999905 0.005279 0.008311 0.005493 -0.005349 0.999971 12.125700
0.999898 -0.012929 -0.006068 -0.063563 0.012951 0.999909 0.003655 0.014512 0.006020 -0.003733 0.999975 13.025900
0.999887 -0.013308 -0.007040 -0.083731 0.013319 0.999910 0.001610 0.019607 0.007018 -0.001704 0.999974 13.935900
0.999851 -0.014699 -0.009005 -0.083935 0.014700 0.999892 0.000070 0.026284 0.009003 -0.000202 0.999959 14.838100
0.999838 -0.014430 -0.010804 -0.096246 0.014428 0.999896 -0.000213 0.018763 0.010806 0.000058 0.999942 15.735600
0.999844 -0.012980 -0.011941 -0.122390 0.012969 0.999915 -0.001018 0.019192 0.011954 0.000863 0.999928 16.638300
0.999839 -0.011423 -0.013860 -0.135565 0.011411 0.999934 -0.000957 0.016936 0.013870 0.000798 0.999903 17.530800
0.999814 -0.012239 -0.014895 -0.156987 0.012239 0.999925 -0.000083 0.015668 0.014895 -0.000099 0.999889 18.425000
0.999793 -0.011770 -0.016575 -0.171677 0.011792 0.999930 0.001199 0.017293 0.016559 -0.001395 0.999862 19.310100
0.999768 -0.011481 -0.018225 -0.188852 0.011508 0.999933 0.001401 0.023306 0.018208 -0.001610 0.999833 20.195100
0.999723 -0.012763 -0.019791 -0.209577 0.012797 0.999917 0.001570 0.021778 0.019769 -0.001822 0.999803 21.071500
0.999683 -0.012566 -0.021819 -0.230792 0.012582 0.999921 0.000633 0.025595 0.021809 -0.000907 0.999762 21.946200
0.999675 -0.012283 -0.022350 -0.254072 0.012321 0.999923 0.001569 0.018178 0.022329 -0.001844 0.999749 22.801100
0.999651 -0.012146 -0.023458 -0.277047 0.012227 0.999920 0.003313 0.023492 0.023416 -0.003599 0.999719 23.657900
0.999618 -0.013223 -0.024255 -0.297589 0.013378 0.999891 0.006217 0.025299 0.024170 -0.006539 0.999686 24.502500
0.999614 -0.012717 -0.024691 -0.325361 0.012913 0.999886 0.007801 0.025102 0.024589 -0.008117 0.999665 25.341900
0.999606 -0.012126 -0.025332 -0.352318 0.012293 0.999903 0.006478 0.030664 0.025251 -0.006787 0.999658 26.171600
0.999608 -0.010237 -0.026057 -0.381701 0.010349 0.999938 0.004157 0.030925 0.026013 -0.004425 0.999652 26.985400
0.999591 -0.010048 -0.026757 -0.406940 0.010115 0.999946 0.002386 0.033169 0.026732 -0.002656 0.999639 27.776500
0.999571 -0.009248 -0.027773 -0.433543 0.009304 0.999955 0.001887 0.037533 0.027755 -0.002145 0.999612 28.572800
0.999545 -0.008978 -0.028800 -0.464408 0.009025 0.999958 0.001495 0.035292 0.028785 -0.001754 0.999584 29.355900
0.999475 -0.009249 -0.031057 -0.487499 0.009281 0.999957 0.000865 0.031856 0.031048 -0.001152 0.999517 30.146700
0.999409 -0.009547 -0.033011 -0.516910 0.009580 0.999954 0.000843 0.032159 0.033002 -0.001158 0.999455 30.911900
0.999365 -0.008997 -0.034481 -0.554235 0.009061 0.999958 0.001700 0.038296 0.034465 -0.002012 0.999404 31.675000
0.999261 -0.009662 -0.037199 -0.570571 0.009823 0.999943 0.004124 0.036471 0.037157 -0.004486 0.999299 32.439600
0.999189 -0.008672 -0.039311 -0.603517 0.008895 0.999945 0.005505 0.039657 0.039261 -0.005851 0.999212 33.173700
0.999145 -0.007276 -0.040689 -0.646829 0.007515 0.999955 0.005726 0.040407 0.040645 -0.006027 0.999155 33.899100
0.999078 -0.004780 -0.042661 -0.685014 0.005003 0.999974 0.005134 0.038189 0.042636 -0.005343 0.999076 34.624400
0.998997 -0.003129 -0.044665 -0.716885 0.003321 0.999986 0.004229 0.045564 0.044651 -0.004373 0.998993 35.333000
0.998918 -0.002714 -0.046417 -0.747700 0.002965 0.999981 0.005350 0.050318 0.046401 -0.005481 0.998908 36.042500
0.998887 -0.001457 -0.047152 -0.790787 0.001809 0.999971 0.007422 0.048965 0.047139 -0.007499 0.998860 36.734500
0.998870 0.001106 -0.047519 -0.826636 -0.000734 0.999969 0.007853 0.053812 0.047526 -0.007810 0.998839 37.410200
0.998920 0.004577 -0.046245 -0.867060 -0.004322 0.999975 0.005619 0.057697 0.046270 -0.005413 0.998914 38.090300
0.998996 0.006094 -0.044382 -0.901388 -0.005963 0.999977 0.003092 0.050261 0.044400 -0.002824 0.999010 38.730300
0.999070 0.006222 -0.042661 -0.925053 -0.006190 0.999980 0.000872 0.059666 0.042665 -0.000607 0.999089 39.378100
0.999215 0.007393 -0.038925 -0.963759 -0.007330 0.999972 0.001766 0.062001 0.038937 -0.001479 0.999241 40.015100
0.999275 0.012093 -0.036092 -0.989611 -0.011936 0.999918 0.004541 0.062029 0.036144 -0.004107 0.999338 40.653800
0.999335 0.016540 -0.032498 -1.010560 -0.016296 0.999837 0.007751 0.066581 0.032621 -0.007216 0.999442 41.290200
0.999369 0.021351 -0.028376 -1.032230 -0.021110 0.999739 0.008760 0.070336 0.028556 -0.008156 0.999559 41.896900
0.999421 0.025209 -0.022867 -1.054760 -0.025011 0.999647 0.008916 0.078009 0.023084 -0.008338 0.999699 42.479500
0.999434 0.029166 -0.016783 -1.078760 -0.028985 0.999520 0.010891 0.085868 0.017093 -0.010398 0.999800 43.053500
0.999371 0.033875 -0.010533 -1.081620 -0.033746 0.999356 0.012158 0.083363 0.010938 -0.011795 0.999871 43.606600
0.999299 0.037268 -0.003553 -1.086570 -0.037225 0.999239 0.011661 0.088025 0.003985 -0.011521 0.999926 44.140200
0.999164 0.040711 0.003822 -1.089630 -0.040754 0.999098 0.011943 0.086982 -0.003332 -0.012089 0.999921 44.645800
0.998943 0.044635 0.011013 -1.083240 -0.044758 0.998935 0.011202 0.094734 -0.010501 -0.011683 0.999877 45.144600
0.998638 0.048618 0.018907 -1.083350 -0.048785 0.998773 0.008470 0.098360 -0.018472 -0.009381 0.999785 45.616000
0.998336 0.050970 0.026966 -1.075650 -0.051141 0.998675 0.005715 0.095014 -0.026639 -0.007085 0.999620 46.069400
0.998076 0.051300 0.034818 -1.059830 -0.051516 0.998658 0.005328 0.098947 -0.034498 -0.007111 0.999379 46.497000
0.997809 0.050504 0.042744 -1.035590 -0.050836 0.998685 0.006705 0.100016 -0.042349 -0.008863 0.999064 46.894200
0.997336 0.052476 0.050662 -1.013190 -0.052918 0.998571 0.007418 0.103899 -0.050200 -0.010079 0.998688 47.285600
0.996686 0.055490 0.059480 -0.998183 -0.056044 0.998399 0.007684 0.101509 -0.058958 -0.010992 0.998200 47.648200
0.995858 0.060468 0.067897 -0.968397 -0.061079 0.998109 0.006951 0.104995 -0.067348 -0.011070 0.997668 47.971500
0.994961 0.064148 0.077053 -0.951190 -0.064893 0.997866 0.007194 0.100168 -0.076427 -0.012158 0.997001 48.275200
0.994225 0.063458 0.086539 -0.922864 -0.064381 0.997894 0.007918 0.098054 -0.085854 -0.013443 0.996217 48.559600
0.993338 0.062226 0.096989 -0.881407 -0.063093 0.997990 0.005893 0.100146 -0.096427 -0.011973 0.995268 48.835900
0.992207 0.060762 0.108784 -0.846226 -0.061294 0.998119 0.001547 0.096281 -0.108485 -0.008203 0.994064 49.093900
0.990604 0.061788 0.122005 -0.803874 -0.061927 0.998077 -0.002655 0.098926 -0.121934 -0.004925 0.992526 49.361700
0.988468 0.063318 0.137557 -0.765952 -0.063258 0.997986 -0.004816 0.096301 -0.137585 -0.003942 0.990482 49.626700
0.985986 0.065109 0.153597 -0.713243 -0.064939 0.997870 -0.006128 0.092903 -0.153669 -0.003933 0.988115 49.875400
0.983149 0.065750 0.170573 -0.660034 -0.065464 0.997828 -0.007311 0.092056 -0.170683 -0.003979 0.985318 50.133800
0.979887 0.064698 0.188771 -0.601147 -0.064201 0.997899 -0.008753 0.093872 -0.188941 -0.003543 0.981982 50.388200
0.975979 0.064186 0.208197 -0.533855 -0.063725 0.997928 -0.008925 0.088711 -0.208338 -0.004557 0.978046 50.632100
0.971485 0.064101 0.228270 -0.461166 -0.063485 0.997932 -0.010047 0.084571 -0.228442 -0.004731 0.973546 50.869100
0.966189 0.066402 0.249137 -0.382538 -0.065353 0.997784 -0.012488 0.084600 -0.249414 -0.004216 0.968388 51.109000
0.959950 0.067548 0.271907 -0.299427 -0.066078 0.997708 -0.014567 0.080680 -0.272268 -0.003984 0.962213 51.355500
0.952665 0.069011 0.296087 -0.202934 -0.067407 0.997603 -0.015637 0.070792 -0.296456 -0.005061 0.955033 51.592800
0.944168 0.071632 0.321583 -0.103079 -0.070047 0.997407 -0.016515 0.063806 -0.321932 -0.006933 0.946737 51.828500
0.934230 0.073867 0.348938 0.004997 -0.072251 0.997230 -0.017661 0.056505 -0.349276 -0.008711 0.936979 52.067700
0.923088 0.074461 0.377311 0.126984 -0.072627 0.997176 -0.019106 0.049850 -0.377669 -0.009767 0.925889 52.306100
0.910490 0.072481 0.407130 0.269995 -0.069891 0.997328 -0.021252 0.040441 -0.407583 -0.009105 0.913123 52.543200
0.895537 0.069944 0.439455 0.414953 -0.066119 0.997522 -0.024027 0.033927 -0.440047 -0.007539 0.897943 52.770600
0.878106 0.069401 0.473406 0.567265 -0.063642 0.997574 -0.028196 0.023103 -0.474215 -0.005369 0.880393 52.994100
0.858732 0.071151 0.507462 0.735014 -0.062827 0.997461 -0.033537 0.018893 -0.508560 -0.003083 0.861021 53.213400
0.836981 0.072985 0.542342 0.923151 -0.062289 0.997331 -0.038086 0.009787 -0.543675 -0.001904 0.839294 53.440400
0.812338 0.075826 0.578236 1.116950 -0.063304 0.997118 -0.041821 -0.000101 -0.579740 -0.002632 0.814797 53.666400
0.784844 0.079796 0.614535 1.329020 -0.066269 0.996796 -0.044798 -0.011288 -0.616140 -0.005565 0.787617 53.898600
0.754889 0.084107 0.650437 1.547780 -0.069919 0.996412 -0.047697 -0.028591 -0.652115 -0.009472 0.758061 54.122200
0.721743 0.085292 0.686886 1.808070 -0.069697 0.996290 -0.050478 -0.044972 -0.688643 -0.011441 0.725010 54.359300
0.685080 0.082707 0.723758 2.085180 -0.065921 0.996496 -0.051476 -0.065300 -0.725479 -0.012445 0.688131 54.581800
0.645931 0.081166 0.759068 2.384180 -0.063014 0.996607 -0.052944 -0.088424 -0.760790 -0.013634 0.648855 54.792700
0.603258 0.080468 0.793476 2.718390 -0.060845 0.996641 -0.054813 -0.110187 -0.795222 -0.015212 0.606128 55.014800
0.557036 0.080524 0.826575 3.077680 -0.057477 0.996640 -0.058357 -0.127617 -0.828497 -0.015002 0.559793 55.222100
0.508223 0.079145 0.857581 3.444460 -0.054180 0.996734 -0.059879 -0.154717 -0.859519 -0.016032 0.510852 55.416400
0.459966 0.077746 0.884526 3.880230 -0.052575 0.996796 -0.060274 -0.171606 -0.886379 -0.018780 0.462580 55.601900
0.410852 0.075433 0.908576 4.317430 -0.051586 0.996898 -0.059439 -0.192768 -0.910242 -0.022449 0.413469 55.762600
0.360091 0.075141 0.929886 4.773310 -0.054819 0.996733 -0.059315 -0.215821 -0.931305 -0.029617 0.363034 55.929300
0.310773 0.076070 0.947435 5.238960 -0.053061 0.996626 -0.062615 -0.232517 -0.949002 -0.030813 0.313761 56.058500
0.263518 0.072312 0.961940 5.708150 -0.041966 0.997102 -0.063459 -0.271350 -0.963741 -0.023646 0.265789 56.141400
0.219298 0.066559 0.973385 6.220720 -0.028431 0.997683 -0.061815 -0.296002 -0.975244 -0.014118 0.220682 56.217600
0.177046 0.065580 0.982015 6.746000 -0.019195 0.997818 -0.063175 -0.325386 -0.984015 -0.007665 0.177919 56.281400
0.138435 0.067064 0.988098 7.284060 -0.016116 0.997725 -0.065460 -0.350655 -0.990240 -0.006863 0.139201 56.336800
0.106102 0.067830 0.992039 7.797130 -0.007593 0.997697 -0.067405 -0.385712 -0.994326 -0.000381 0.106372 56.353600
0.077031 0.066078 0.994837 8.359540 -0.000344 0.997803 -0.066249 -0.422953 -0.997029 0.004761 0.076885 56.377000
0.052031 0.064257 0.996576 8.927080 0.006175 0.997888 -0.064664 -0.459623 -0.998626 0.009518 0.051524 56.388400
0.032057 0.063421 0.997472 9.506330 0.011294 0.997898 -0.063812 -0.483735 -0.999422 0.013312 0.031273 56.389700
0.016376 0.065648 0.997708 10.083600 0.014437 0.997723 -0.065886 -0.506367 -0.999762 0.015483 0.015391 56.384700
0.002813 0.065300 0.997862 10.679900 0.014799 0.997754 -0.065334 -0.543034 -0.999887 0.014951 0.001840 56.383300
-0.008749 0.066244 0.997765 11.292000 0.015801 0.997688 -0.066101 -0.578530 -0.999837 0.015188 -0.009775 56.376100
-0.017638 0.068963 0.997463 11.912600 0.020893 0.997426 -0.068591 -0.616788 -0.999626 0.019630 -0.019033 56.352400
-0.024099 0.070897 0.997193 12.535300 0.025145 0.997210 -0.070290 -0.650972 -0.999393 0.023380 -0.025815 56.324000
-0.028735 0.070385 0.997106 13.185900 0.025544 0.997244 -0.069659 -0.686879 -0.999261 0.023468 -0.030454 56.308700
-0.032508 0.067695 0.997176 13.834300 0.022991 0.997490 -0.066967 -0.717409 -0.999207 0.020749 -0.033983 56.292200
-0.034945 0.060881 0.997533 14.532200 0.021083 0.997966 -0.060168 -0.757156 -0.999167 0.018929 -0.036157 56.268900
-0.036161 0.055437 0.997807 15.222800 0.022480 0.998253 -0.054647 -0.790239 -0.999093 0.020455 -0.037344 56.242500
-0.036600 0.052700 0.997939 15.901800 0.024799 0.998349 -0.051812 -0.825909 -0.999022 0.022852 -0.037846 56.215700
-0.036537 0.054755 0.997831 16.606000 0.028390 0.998152 -0.053733 -0.868248 -0.998929 0.026365 -0.038024 56.190300
-0.035496 0.062441 0.997417 17.321500 0.029279 0.997683 -0.061416 -0.895677 -0.998941 0.027023 -0.037242 56.154900
-0.033366 0.070598 0.996947 18.032900 0.029983 0.997124 -0.069607 -0.929858 -0.998993 0.027569 -0.035387 56.134400
-0.030951 0.071421 0.996966 18.767600 0.030740 0.997040 -0.070472 -0.962760 -0.999048 0.028466 -0.033055 56.108100
-0.028933 0.066902 0.997340 19.511600 0.030299 0.997358 -0.066024 -1.008330 -0.999122 0.028308 -0.030884 56.090900
-0.026417 0.060581 0.997814 20.260000 0.029661 0.997770 -0.059793 -1.055330 -0.999211 0.028017 -0.028155 56.074600
-0.023884 0.058679 0.997991 21.005100 0.027969 0.997924 -0.058005 -1.101280 -0.999323 0.026528 -0.025476 56.063500
-0.020368 0.064207 0.997729 21.732700 0.035594 0.997350 -0.063456 -1.142000 -0.999159 0.034220 -0.022599 56.040900
-0.017037 0.069676 0.997424 22.465300 0.037477 0.996912 -0.069000 -1.184530 -0.999152 0.036205 -0.019595 56.023600
-0.014862 0.070288 0.997416 23.198900 0.031300 0.997070 -0.069797 -1.227140 -0.999400 0.030182 -0.017018 56.030700
-0.011878 0.066865 0.997691 23.953400 0.026565 0.997431 -0.066532 -1.274030 -0.999577 0.025714 -0.013623 56.038700
-0.006736 0.063013 0.997990 24.707800 0.030667 0.997556 -0.062779 -1.326420 -0.999507 0.030183 -0.008652 56.014700
-0.003082 0.063728 0.997963 25.445700 0.035367 0.997350 -0.063579 -1.374810 -0.999370 0.035099 -0.005327 56.003400
-0.000631 0.067995 0.997685 26.179300 0.035035 0.997075 -0.067931 -1.424300 -0.999386 0.034911 -0.003012 56.013300
0.003574 0.069069 0.997605 26.930900 0.031144 0.997120 -0.069147 -1.465260 -0.999509 0.031317 0.001412 56.020400
0.007022 0.068729 0.997611 27.688600 0.030599 0.997153 -0.068913 -1.511070 -0.999507 0.031010 0.004899 56.030600
0.010532 0.065784 0.997778 28.431700 0.034154 0.997228 -0.066109 -1.558650 -0.999361 0.034774 0.008256 56.038100
0.014064 0.066035 0.997718 29.179500 0.038765 0.997031 -0.066536 -1.611040 -0.999149 0.039612 0.011463 56.050100
0.017584 0.066999 0.997598 29.927700 0.041231 0.996855 -0.067676 -1.659630 -0.998995 0.042322 0.014766 56.064500
0.020507 0.066782 0.997557 30.693100 0.042379 0.996812 -0.067603 -1.708010 -0.998891 0.043661 0.017611 56.072200
0.024243 0.065548 0.997555 31.445900 0.043706 0.996825 -0.066563 -1.752180 -0.998750 0.045213 0.021301 56.089100
0.027872 0.064534 0.997526 32.196900 0.045827 0.996782 -0.065767 -1.797730 -0.998560 0.047547 0.024825 56.107900
0.031008 0.064820 0.997415 32.953400 0.044427 0.996819 -0.066162 -1.842680 -0.998531 0.046364 0.028030 56.129000
0.033487 0.066451 0.997228 33.713100 0.041251 0.996845 -0.067810 -1.893610 -0.998588 0.043407 0.030640 56.167900
0.036531 0.066819 0.997096 34.470300 0.043101 0.996728 -0.068374 -1.935370 -0.998403 0.045473 0.033532 56.191100
0.039348 0.067005 0.996976 35.239900 0.040809 0.996809 -0.068604 -1.977520 -0.998392 0.043385 0.036488 56.226300
0.041541 0.066593 0.996915 35.985300 0.039425 0.996890 -0.068235 -2.029690 -0.998359 0.042138 0.038787 56.265500
0.044500 0.066804 0.996773 36.756300 0.036584 0.996983 -0.068451 -2.079990 -0.998339 0.039512 0.041922 56.300000
0.047294 0.068922 0.996500 37.509400 0.035273 0.996879 -0.070623 -2.124790 -0.998258 0.038490 0.044715 56.343600
0.051116 0.072931 0.996026 38.274600 0.034221 0.996616 -0.074730 -2.167930 -0.998106 0.037904 0.048448 56.381000
0.054145 0.074176 0.995774 39.041300 0.034655 0.996497 -0.076114 -2.231690 -0.997932 0.038630 0.051385 56.430500
0.056625 0.076395 0.995468 39.810500 0.028232 0.996547 -0.078084 -2.285990 -0.997996 0.032525 0.054272 56.491100
0.059566 0.075666 0.995353 40.602200 0.024520 0.996711 -0.077236 -2.337300 -0.997923 0.029006 0.057515 56.546700
0.063592 0.076205 0.995062 41.379500 0.027007 0.996584 -0.078048 -2.392850 -0.997611 0.031837 0.061316 56.597000
0.067440 0.077107 0.994739 42.149800 0.025971 0.996536 -0.079007 -2.453080 -0.997385 0.031163 0.065203 56.648200
0.070956 0.078276 0.994403 42.936100 0.022162 0.996546 -0.080026 -2.505250 -0.997233 0.027716 0.068977 56.723600
0.075250 0.076123 0.994255 43.732700 0.021265 0.996733 -0.077922 -2.561230 -0.996938 0.027006 0.073385 56.787400
0.079820 0.075975 0.993910 44.537400 0.021415 0.996730 -0.077910 -2.628920 -0.996579 0.027503 0.077932 56.847000
0.085105 0.079571 0.993190 45.333700 0.018288 0.996513 -0.081404 -2.686140 -0.996204 0.025091 0.083353 56.923100
0.090422 0.088053 0.992003 46.125900 0.016177 0.995822 -0.089866 -2.750000 -0.995772 0.024173 0.088620 57.019200
0.098211 0.092868 0.990823 46.908800 0.015372 0.995376 -0.094818 -2.810510 -0.995047 0.024543 0.096329 57.094900
0.105279 0.095568 0.989840 47.691100 0.009857 0.995222 -0.097136 -2.884630 -0.994394 0.019984 0.103834 57.191600
0.112066 0.094179 0.989228 48.508700 0.006503 0.995408 -0.095504 -2.949800 -0.993679 0.017136 0.110939 57.290700
0.119346 0.092929 0.988494 49.315400 0.006442 0.995517 -0.094367 -3.014720 -0.992832 0.017631 0.118213 57.400100
0.127358 0.089336 0.987825 50.143900 0.006027 0.995847 -0.090839 -3.086110 -0.991839 0.017523 0.126291 57.504000
0.135006 0.083297 0.987337 50.950900 0.004079 0.996405 -0.084620 -3.161600 -0.990836 0.015452 0.134181 57.619000
0.142404 0.076343 0.986860 51.760800 0.001538 0.997003 -0.077349 -3.217140 -0.989807 0.012532 0.141860 57.741600
0.149063 0.073755 0.986073 52.575200 0.001558 0.997196 -0.074822 -3.282180 -0.988826 0.012689 0.148530 57.879700
0.156695 0.075541 0.984754 53.379000 0.001359 0.997053 -0.076701 -3.342860 -0.987646 0.013357 0.156130 58.009200
0.162139 0.082140 0.983343 54.156600 0.002123 0.996498 -0.083589 -3.400920 -0.986766 0.015641 0.161397 58.144100
0.167404 0.086020 0.982129 54.932500 0.000608 0.996177 -0.087354 -3.456570 -0.985888 0.015220 0.166712 58.279100
0.172398 0.088641 0.981031 55.701000 -0.000476 0.995950 -0.089905 -3.526570 -0.985027 0.015032 0.171742 58.424000
0.177062 0.087790 0.980277 56.466000 -0.003179 0.996060 -0.088629 -3.599020 -0.984195 0.012576 0.176643 58.578800
0.182709 0.085569 0.979436 57.265400 0.000069 0.996204 -0.087047 -3.664210 -0.983167 0.015971 0.182010 58.722000
0.187300 0.079280 0.979098 58.026000 0.001440 0.996715 -0.080982 -3.716100 -0.982302 0.016578 0.186571 58.869400
0.190735 0.073282 0.978902 58.776800 -0.000955 0.997223 -0.074467 -3.777170 -0.981641 0.013269 0.190275 59.017800
0.193827 0.069817 0.978548 59.509700 -0.004098 0.997513 -0.070358 -3.835190 -0.981027 0.009627 0.193631 59.176200
0.197363 0.069528 0.977862 60.240100 -0.006010 0.997549 -0.069715 -3.890290 -0.980312 0.007882 0.197297 59.323600
0.198957 0.071311 0.977410 60.956400 -0.007519 0.997431 -0.071241 -3.944600 -0.979979 0.006824 0.198982 59.483600
0.200628 0.075666 0.976741 61.656800 -0.011885 0.997127 -0.074804 -3.998620 -0.979595 0.003399 0.200951 59.635500
0.202618 0.079878 0.975994 62.343500 -0.012838 0.996799 -0.078916 -4.049290 -0.979174 0.003460 0.202995 59.786500
0.204531 0.085078 0.975156 63.021600 -0.012837 0.996363 -0.084236 -4.102090 -0.978776 0.004711 0.204879 59.940200
0.206094 0.087124 0.974646 63.703700 -0.012640 0.996182 -0.086376 -4.161320 -0.978451 0.005482 0.206408 60.088400
0.207743 0.087025 0.974305 64.376300 -0.014699 0.996200 -0.085847 -4.213180 -0.978073 0.003513 0.208232 60.231500
0.208299 0.084123 0.974441 65.052200 -0.014705 0.996451 -0.082880 -4.270480 -0.977955 0.002935 0.208797 60.387200
0.209005 0.081711 0.974495 65.706600 -0.014720 0.996653 -0.080411 -4.323830 -0.977804 0.002462 0.209508 60.528400
0.209030 0.080505 0.974590 66.351000 -0.013644 0.996749 -0.079409 -4.375690 -0.977814 0.003302 0.209449 60.667300
0.206843 0.079834 0.975111 66.982500 -0.013963 0.996805 -0.078648 -4.424080 -0.978274 0.002653 0.207297 60.811700
0.205394 0.080289 0.975380 67.601500 -0.014993 0.996770 -0.078892 -4.480880 -0.978564 0.001580 0.205935 60.941400
0.203111 0.083284 0.975607 68.218300 -0.015810 0.996525 -0.081778 -4.530810 -0.979028 0.001186 0.203721 61.082100
0.200754 0.087038 0.975767 68.817400 -0.013872 0.996198 -0.086007 -4.581820 -0.979543 0.003731 0.201198 61.206800
0.199372 0.087868 0.975976 69.424200 -0.011600 0.996114 -0.087312 -4.628870 -0.979855 0.006087 0.199617 61.328000
0.197311 0.086810 0.976490 70.007500 -0.012087 0.996211 -0.086121 -4.672310 -0.980266 0.005190 0.197613 61.443400
0.194774 0.083883 0.977255 70.598200 -0.012750 0.996469 -0.082991 -4.725480 -0.980765 0.003704 0.195156 61.569200
0.192823 0.079969 0.977969 71.176300 -0.012135 0.996792 -0.079115 -4.775630 -0.981159 0.003388 0.193175 61.683900
0.191155 0.079025 0.978373 71.733000 -0.008506 0.996850 -0.078856 -4.823330 -0.981523 0.006752 0.191225 61.783400
0.189280 0.080572 0.978612 72.288900 -0.004881 0.996693 -0.081117 -4.869680 -0.981911 0.010577 0.189047 61.893400
0.186524 0.082550 0.978976 72.828500 -0.001249 0.996483 -0.083789 -4.910730 -0.982450 0.014406 0.185971 61.991600
0.185157 0.084569 0.979063 73.377300 -0.001706 0.996316 -0.085736 -4.951480 -0.982707 0.014205 0.184619 62.091500
0.183674 0.087171 0.979115 73.921800 -0.001911 0.996090 -0.088324 -4.993840 -0.982985 0.014352 0.183122 62.201300
0.183018 0.085499 0.979385 74.473700 -0.000164 0.996214 -0.086938 -5.042590 -0.983110 0.015750 0.182339 62.291900
0.183648 0.084318 0.979369 75.022800 0.005754 0.996205 -0.086846 -5.082370 -0.982975 0.021585 0.182466 62.390900
0.185430 0.082000 0.979230 75.563200 0.010528 0.996289 -0.085422 -5.130060 -0.982601 0.026149 0.183878 62.490000
0.187747 0.081525 0.978828 76.121400 0.013649 0.996237 -0.085593 -5.167130 -0.982122 0.029430 0.185928 62.586000
0.191296 0.081548 0.978139 76.680800 0.010772 0.996308 -0.085169 -5.211510 -0.981473 0.026829 0.189712 62.697100
0.196710 0.081984 0.977028 77.241600 0.009865 0.996282 -0.085585 -5.258420 -0.980412 0.026473 0.195170 62.820500
0.203700 0.081295 0.975652 77.804900 0.011040 0.996292 -0.085319 -5.293990 -0.978971 0.028150 0.202048 62.930400
0.211048 0.081818 0.974045 78.363900 0.009026 0.996285 -0.085642 -5.334330 -0.977434 0.026867 0.209526 63.063700
0.218503 0.079070 0.972628 78.945600 0.009582 0.996490 -0.083162 -5.389530 -0.975789 0.027491 0.216978 63.228700
0.228130 0.078402 0.970469 79.528000 0.006233 0.996615 -0.081980 -5.438510 -0.973611 0.024751 0.226869 63.365900
0.237591 0.078661 0.968175 80.085100 0.004852 0.996607 -0.082162 -5.471280 -0.971353 0.024219 0.236403 63.500200
0.247118 0.082427 0.965473 80.670500 -0.000520 0.996387 -0.084933 -5.517130 -0.968985 0.020486 0.246268 63.667200
0.256126 0.084733 0.962923 81.264000 -0.004040 0.996236 -0.086590 -5.560040 -0.966635 0.018288 0.255504 63.847300
0.267401 0.087344 0.959618 81.866500 -0.007963 0.996050 -0.088441 -5.608520 -0.963552 0.016007 0.267040 64.020900
0.277647 0.089017 0.956550 82.477500 -0.009554 0.995904 -0.089906 -5.663610 -0.960636 0.015823 0.277360 64.210400
0.287309 0.090136 0.953588 83.087200 -0.012692 0.995833 -0.090305 -5.705460 -0.957754 0.013843 0.287255 64.399200
0.297609 0.090480 0.950391 83.717600 -0.013315 0.995795 -0.090633 -5.755150 -0.954595 0.014318 0.297562 64.608500
0.307534 0.091615 0.947117 84.360300 -0.017709 0.995733 -0.090568 -5.804650 -0.951372 0.011080 0.307844 64.835000
0.317540 0.086816 0.944262 85.008300 -0.016998 0.996161 -0.085871 -5.852800 -0.948092 0.011217 0.317797 65.069000
0.328956 0.079960 0.940954 85.674800 -0.013922 0.996711 -0.079831 -5.901740 -0.944243 0.013161 0.328987 65.298800
0.339757 0.075355 0.937490 86.339100 -0.012173 0.997054 -0.075731 -5.955310 -0.940435 0.014318 0.339673 65.545600
0.350103 0.072103 0.933932 87.015200 -0.012976 0.997311 -0.072131 -6.005040 -0.936621 0.013134 0.350097 65.806300
0.359774 0.069959 0.930413 87.690400 -0.006821 0.997356 -0.072355 -6.042470 -0.933015 0.019685 0.359300 66.065900
0.368274 0.064467 0.927479 88.391200 -0.000055 0.997595 -0.069319 -6.083110 -0.929717 0.025478 0.367392 66.344300
0.375681 0.054906 0.925121 89.112000 0.009863 0.997950 -0.063233 -6.126860 -0.926697 0.032880 0.374369 66.623700
0.382328 0.050782 0.922630 89.816400 0.014335 0.998043 -0.060873 -6.174300 -0.923916 0.036499 0.380851 66.910500
0.389653 0.050664 0.919567 90.522900 0.016409 0.997945 -0.061935 -6.225040 -0.920815 0.039222 0.388021 67.214400
0.397239 0.057216 0.915930 91.236200 0.018359 0.997359 -0.070265 -6.265200 -0.917532 0.044728 0.395139 67.522900
0.404198 0.061435 0.912606 91.941000 0.022466 0.996774 -0.077052 -6.309600 -0.914396 0.051647 0.401513 67.835200
0.409527 0.063412 0.910092 92.648700 0.020462 0.996692 -0.078654 -6.364050 -0.912069 0.050833 0.406874 68.151300
0.414139 0.065150 0.907879 93.352100 0.013534 0.996884 -0.077710 -6.420360 -0.910113 0.044470 0.411966 68.486400
0.417906 0.068495 0.905904 94.028400 0.006816 0.996889 -0.078518 -6.481410 -0.908465 0.038988 0.416140 68.818200
0.422051 0.072030 0.903706 94.717000 0.005498 0.996617 -0.082003 -6.539330 -0.906556 0.039578 0.420227 69.148800
0.425921 0.076036 0.901559 95.385400 0.002498 0.996360 -0.085211 -6.599040 -0.904757 0.038545 0.424181 69.467300
0.429509 0.079025 0.899598 96.054200 -0.000628 0.996190 -0.087211 -6.660200 -0.903062 0.036893 0.427922 69.794500
0.433338 0.077726 0.897874 96.709400 -0.001958 0.996353 -0.085306 -6.715770 -0.901229 0.035208 0.431910 70.117400
0.437520 0.074648 0.896105 97.364800 -0.001182 0.996595 -0.082442 -6.781330 -0.899208 0.035011 0.436119 70.440900
0.440946 0.071622 0.894671 97.995300 -0.001321 0.996862 -0.079151 -6.838110 -0.897533 0.033719 0.439657 70.748500
0.444451 0.070900 0.892993 98.638000 -0.002008 0.996939 -0.078153 -6.893150 -0.895801 0.032943 0.443233 71.086300
0.448030 0.072529 0.891072 99.261900 -0.003909 0.996853 -0.079174 -6.946200 -0.894010 0.031989 0.446904 71.403400
0.450559 0.072840 0.889770 99.871400 -0.002840 0.996778 -0.080162 -7.001500 -0.892742 0.033591 0.449314 71.722500
0.452759 0.071300 0.888777 100.481000 -0.000874 0.996833 -0.079523 -7.052100 -0.891632 0.035228 0.451388 72.036500
0.454540 0.070189 0.887957 101.069000 0.001165 0.996843 -0.079392 -7.102400 -0.890726 0.037121 0.453023 72.332500
0.456736 0.069685 0.886869 101.657000 0.000475 0.996908 -0.078576 -7.151770 -0.889602 0.036310 0.455291 72.630900
0.458326 0.069179 0.886088 102.215000 0.001370 0.996910 -0.078539 -7.207920 -0.888783 0.037211 0.456815 72.930000
0.461229 0.071333 0.884409 102.780000 0.000716 0.996733 -0.080766 -7.250070 -0.887281 0.037884 0.459671 73.221500
0.463763 0.070953 0.883113 103.329000 0.003709 0.996624 -0.082021 -7.305610 -0.885952 0.041314 0.461934 73.514600
0.466995 0.070192 0.881470 103.877000 0.005170 0.996611 -0.082100 -7.359770 -0.884245 0.042897 0.465049 73.802200
0.469916 0.068262 0.880068 104.409000 0.008650 0.996601 -0.081920 -7.406200 -0.882669 0.046108 0.467729 74.092800
0.473556 0.067475 0.878175 104.930000 0.009804 0.996596 -0.081860 -7.450870 -0.880709 0.047375 0.471282 74.355200
0.476701 0.067070 0.876503 105.448000 0.011199 0.996541 -0.082346 -7.495100 -0.878994 0.049070 0.474300 74.639300
0.480223 0.066345 0.874634 105.963000 0.011504 0.996573 -0.081911 -7.545150 -0.877071 0.049397 0.477814 74.925300
0.483714 0.065707 0.872756 106.475000 0.013241 0.996514 -0.082363 -7.590240 -0.875126 0.051396 0.481158 75.210000
0.487479 0.066987 0.870561 106.975000 0.012875 0.996393 -0.083879 -7.635400 -0.873040 0.052098 0.484858 75.492000
0.491458 0.067223 0.868303 107.483000 0.014796 0.996228 -0.085501 -7.684220 -0.870776 0.054867 0.488609 75.795200
0.496375 0.070569 0.865235 107.960000 0.012296 0.996019 -0.088289 -7.733480 -0.868021 0.054463 0.493531 76.067800
0.501899 0.076468 0.861539 108.444000 0.008991 0.995569 -0.093602 -7.778950 -0.864879 0.054725 0.498988 76.357400
0.507499 0.083627 0.857585 108.926000 0.003640 0.995062 -0.099188 -7.829700 -0.861645 0.053459 0.504689 76.663200
0.513445 0.089760 0.853415 109.410000 -0.001692 0.994618 -0.103593 -7.886040 -0.858121 0.051746 0.510834 76.969700
0.520005 0.094099 0.848964 109.881000 -0.005380 0.994254 -0.106908 -7.939990 -0.854146 0.051025 0.517523 77.265800
0.525568 0.094323 0.845507 110.370000 -0.009604 0.994429 -0.104967 -7.993570 -0.850698 0.047047 0.523546 77.581800
0.530735 0.093632 0.842350 110.860000 -0.016133 0.994815 -0.100414 -8.046930 -0.847384 0.039704 0.529494 77.915400
0.536535 0.091060 0.838951 111.358000 -0.022089 0.995336 -0.093908 -8.100770 -0.843589 0.031853 0.536044 78.255500
0.542444 0.089836 0.835275 111.861000 -0.029265 0.995683 -0.088084 -8.155260 -0.839582 0.023336 0.542731 78.592000
0.548266 0.087603 0.831703 112.367000 -0.031748 0.995962 -0.083975 -8.207280 -0.835701 0.019635 0.548833 78.945900
0.554941 0.091454 0.826847 112.883000 -0.036484 0.995658 -0.085640 -8.247940 -0.831089 0.017358 0.555868 79.304100
0.560739 0.095278 0.822493 113.399000 -0.040791 0.995330 -0.087490 -8.302340 -0.826988 0.015509 0.562006 79.679800
0.567151 0.098595 0.817691 113.925000 -0.043343 0.995006 -0.089912 -8.346240 -0.822472 0.015552 0.568592 80.054800
0.573505 0.100940 0.812960 114.456000 -0.046020 0.994782 -0.091050 -8.397950 -0.817909 0.014806 0.575157 80.441800
0.579497 0.101639 0.808611 114.994000 -0.048899 0.994741 -0.089991 -8.453280 -0.813506 0.012609 0.581420 80.854400
0.585757 0.104337 0.803743 115.544000 -0.055717 0.994517 -0.088495 -8.500290 -0.808569 0.007054 0.588359 81.270000
0.592812 0.102119 0.798840 116.102000 -0.055780 0.994752 -0.085770 -8.555030 -0.803407 0.006286 0.595397 81.698700
0.600691 0.100066 0.793195 116.677000 -0.055933 0.994965 -0.083162 -8.607740 -0.797523 0.005589 0.603263 82.136500
0.608038 0.100164 0.787564 117.244000 -0.056633 0.994954 -0.082816 -8.661750 -0.791885 0.005753 0.610643 82.594700
0.615178 0.102721 0.781667 117.825000 -0.061342 0.994706 -0.082441 -8.713440 -0.785998 0.002767 0.618223 83.082200
0.622605 0.103414 0.775673 118.408000 -0.062187 0.994633 -0.082691 -8.765670 -0.780062 0.003247 0.625694 83.582000
0.629745 0.104285 0.769770 118.996000 -0.064273 0.994545 -0.082155 -8.813300 -0.774138 0.002262 0.633012 84.073200
0.634981 0.103156 0.765609 119.607000 -0.064197 0.994663 -0.080774 -8.872620 -0.769855 0.002140 0.638215 84.591800
0.638614 0.102125 0.762721 120.210000 -0.063400 0.994768 -0.080111 -8.926960 -0.766911 0.002804 0.641747 85.105000
0.642791 0.099359 0.759571 120.829000 -0.059534 0.995033 -0.079779 -8.981740 -0.763725 0.006061 0.645513 85.623800
0.646115 0.095543 0.757236 121.451000 -0.054447 0.995376 -0.079133 -9.041660 -0.761295 0.009900 0.648330 86.168800
0.649891 0.089111 0.754786 122.088000 -0.046437 0.995903 -0.077594 -9.097450 -0.758608 0.015377 0.651366 86.716400
0.653969 0.083137 0.751940 122.741000 -0.040379 0.996362 -0.075042 -9.154560 -0.755443 0.018713 0.654947 87.263000
0.656875 0.077635 0.749992 123.382000 -0.034725 0.996744 -0.072764 -9.210270 -0.753200 0.021753 0.657432 87.834500
0.660433 0.076346 0.746994 124.024000 -0.034717 0.996858 -0.071189 -9.266980 -0.750082 0.021082 0.661008 88.412900
0.663147 0.077742 0.744441 124.656000 -0.035374 0.996735 -0.072578 -9.323790 -0.747653 0.021796 0.663732 88.989500
0.666530 0.082342 0.740917 125.294000 -0.040749 0.996419 -0.074079 -9.374950 -0.744364 0.019184 0.667499 89.563800
0.669519 0.086134 0.737784 125.930000 -0.047171 0.996179 -0.073495 -9.427680 -0.741296 0.014404 0.671024 90.163600
0.672403 0.082742 0.735546 126.578000 -0.047087 0.996501 -0.069052 -9.481120 -0.738686 0.011796 0.673946 90.770300
0.676050 0.080131 0.732486 127.225000 -0.050252 0.996769 -0.062662 -9.529830 -0.735140 0.005554 0.677893 91.376200
0.679246 0.074348 0.730135 127.880000 -0.049434 0.997231 -0.055558 -9.581140 -0.732244 0.001644 0.681041 92.002600
0.683754 0.070510 0.726298 128.536000 -0.047697 0.997511 -0.051937 -9.626940 -0.728152 0.000870 0.685415 92.629200
0.688599 0.067249 0.722017 129.196000 -0.041585 0.997714 -0.053267 -9.670950 -0.723949 0.006654 0.689821 93.252000
0.693395 0.064480 0.717667 129.850000 -0.031603 0.997751 -0.059111 -9.718490 -0.719864 0.018306 0.693873 93.897000
0.699213 0.065567 0.711900 130.478000 -0.025335 0.997433 -0.066982 -9.764880 -0.714464 0.028799 0.699079 94.471400
0.704884 0.065822 0.706262 131.125000 -0.022219 0.997245 -0.070766 -9.816370 -0.708975 0.034189 0.704404 95.120300
0.710837 0.061837 0.700634 131.779000 -0.020101 0.997507 -0.067646 -9.867770 -0.703070 0.034002 0.710307 95.783100
0.716437 0.056135 0.695390 132.419000 -0.015985 0.997817 -0.064080 -9.934730 -0.697469 0.034794 0.715770 96.451100
0.722160 0.052162 0.689757 133.060000 -0.010341 0.997855 -0.064634 -9.982530 -0.691649 0.039543 0.721150 97.106600
0.726651 0.054386 0.684850 133.677000 -0.008337 0.997486 -0.070367 -10.037900 -0.686956 0.045423 0.725278 97.750700
0.730445 0.055668 0.680700 134.310000 -0.008907 0.997364 -0.072007 -10.090700 -0.682914 0.046534 0.729015 98.435100
0.733408 0.052665 0.677746 134.940000 -0.006573 0.997497 -0.070398 -10.153700 -0.679757 0.047176 0.731919 99.120100
0.736125 0.047276 0.675192 135.577000 -0.003171 0.997788 -0.066406 -10.211400 -0.676838 0.046742 0.734647 99.801700
0.737801 0.043015 0.673646 136.217000 -0.000175 0.997980 -0.063533 -10.269400 -0.675018 0.046757 0.736318 100.473000
0.738472 0.037507 0.673240 136.849000 0.004573 0.998150 -0.060625 -10.317900 -0.674269 0.047848 0.736935 101.164000
0.738648 0.036583 0.673097 137.478000 0.004737 0.998220 -0.059452 -10.369700 -0.674074 0.047103 0.737160 101.861000
0.738345 0.036590 0.673430 138.107000 0.003804 0.998285 -0.058412 -10.421400 -0.674413 0.045690 0.736940 102.565000
0.737910 0.039349 0.673751 138.734000 0.001493 0.998201 -0.059934 -10.477100 -0.674897 0.045232 0.736524 103.259000
0.736688 0.042530 0.674894 139.362000 -0.001774 0.998138 -0.060963 -10.528600 -0.676230 0.043713 0.735393 103.959000
0.734671 0.047332 0.676770 140.003000 -0.006059 0.997981 -0.063221 -10.578800 -0.678396 0.042346 0.733475 104.671000
0.732310 0.050360 0.679107 140.630000 -0.010394 0.997972 -0.062797 -10.632400 -0.680892 0.038928 0.731348 105.373000
0.730097 0.051669 0.681387 141.268000 -0.012336 0.997971 -0.062457 -10.684900 -0.683232 0.037194 0.729254 106.068000
0.728173 0.050938 0.683497 141.908000 -0.013123 0.998088 -0.060403 -10.741900 -0.685267 0.035014 0.727450 106.751000
0.725602 0.049105 0.686361 142.539000 -0.013780 0.998287 -0.056854 -10.795500 -0.687977 0.031795 0.725036 107.416000
0.723001 0.045035 0.689377 143.188000 -0.009566 0.998430 -0.055193 -10.846900 -0.690780 0.033310 0.722297 108.093000
0.720356 0.049190 0.691858 143.828000 -0.010103 0.998120 -0.060445 -10.902800 -0.693531 0.036552 0.719499 108.762000
0.716660 0.059189 0.694907 144.448000 -0.015456 0.997495 -0.069023 -10.957300 -0.697252 0.038725 0.715780 109.420000
0.713008 0.066626 0.697983 145.073000 -0.018877 0.996938 -0.075879 -11.011100 -0.700902 0.040927 0.712083 110.080000
0.709334 0.064964 0.701872 145.709000 -0.020297 0.997213 -0.071788 -11.069900 -0.704580 0.036676 0.708676 110.734000
0.705524 0.063672 0.705820 146.355000 -0.023521 0.997511 -0.066474 -11.130600 -0.708296 0.030297 0.705265 111.391000
0.702036 0.062165 0.709423 146.990000 -0.025890 0.997752 -0.061810 -11.184500 -0.711671 0.025026 0.702067 112.036000
0.698365 0.061904 0.713060 147.613000 -0.025042 0.997756 -0.062094 -11.234800 -0.715304 0.025508 0.698348 112.663000
0.695888 0.059823 0.715654 148.282000 -0.022753 0.997861 -0.061289 -11.294000 -0.717790 0.026367 0.695761 113.291000
0.692887 0.058908 0.718636 148.932000 -0.018814 0.997795 -0.063652 -11.348200 -0.720801 0.030584 0.692467 113.914000
0.689297 0.058372 0.722124 149.577000 -0.015465 0.997707 -0.065887 -11.401900 -0.724314 0.034248 0.688619 114.533000
0.685626 0.059281 0.725536 150.237000 -0.012777 0.997505 -0.069428 -11.457400 -0.727842 0.038331 0.684673 115.160000
0.681319 0.059267 0.729584 150.885000 -0.013152 0.997547 -0.068752 -11.522300 -0.731869 0.037247 0.680427 115.777000
0.677719 0.061030 0.732784 151.549000 -0.015127 0.997496 -0.069087 -11.574000 -0.735166 0.035737 0.676945 116.388000
0.672786 0.060235 0.737381 152.213000 -0.013900 0.997533 -0.068804 -11.631800 -0.739706 0.036041 0.671964 116.995000
0.667016 0.062480 0.742419 152.880000 -0.015504 0.997426 -0.070011 -11.680800 -0.744882 0.035188 0.666267 117.610000
0.660590 0.069969 0.747479 153.546000 -0.020109 0.996939 -0.075548 -11.746800 -0.750478 0.034875 0.659975 118.224000
0.654685 0.076525 0.752019 154.226000 -0.023630 0.996448 -0.080826 -11.804200 -0.755533 0.035146 0.654167 118.810000
0.648308 0.078737 0.757296 154.916000 -0.023107 0.996215 -0.083796 -11.865600 -0.761027 0.036827 0.647673 119.409000
0.641764 0.073463 0.763376 155.618000 -0.024199 0.996846 -0.075587 -11.929700 -0.766521 0.030036 0.641517 119.998000
0.634726 0.069535 0.769602 156.326000 -0.029792 0.997405 -0.065546 -11.987300 -0.772162 0.018676 0.635151 120.598000
0.627610 0.064631 0.775840 157.046000 -0.029151 0.997800 -0.059539 -12.048000 -0.777982 0.014751 0.628114 121.189000
0.620607 0.065912 0.781347 157.775000 -0.033860 0.997784 -0.057275 -12.092500 -0.783390 0.009089 0.621464 121.774000
0.612417 0.067299 0.787665 158.500000 -0.032505 0.997671 -0.059969 -12.141100 -0.789866 0.011123 0.613179 122.349000
0.605896 0.067230 0.792698 159.244000 -0.026663 0.997579 -0.064227 -12.193100 -0.795097 0.017779 0.606222 122.915000
0.598884 0.076085 0.797213 159.997000 -0.025861 0.996795 -0.075706 -12.246200 -0.800418 0.024722 0.598932 123.486000
0.591697 0.076858 0.802489 160.755000 -0.021795 0.996606 -0.079380 -12.307800 -0.805866 0.029479 0.591363 124.039000
0.584711 0.072883 0.807961 161.515000 -0.019188 0.996920 -0.076042 -12.376200 -0.811015 0.028959 0.584309 124.590000
0.577561 0.066908 0.813601 162.281000 -0.014723 0.997327 -0.071565 -12.437500 -0.816215 0.029354 0.577002 125.131000
0.570397 0.066152 0.818701 163.045000 -0.014143 0.997395 -0.070737 -12.500300 -0.821247 0.028770 0.569847 125.670000
0.563395 0.067850 0.823397 163.807000 -0.015425 0.997312 -0.071627 -12.558200 -0.826044 0.027653 0.562927 126.198000
0.557687 0.065502 0.827463 164.568000 -0.010870 0.997372 -0.071626 -12.626100 -0.829980 0.030950 0.556934 126.702000
0.552718 0.059431 0.831246 165.328000 -0.005721 0.997701 -0.067528 -12.688000 -0.833349 0.032568 0.551787 127.198000
0.547643 0.057217 0.834754 166.087000 -0.005307 0.997877 -0.064916 -12.740300 -0.836696 0.031121 0.546783 127.710000
0.543497 0.055761 0.837557 166.838000 -0.006939 0.998056 -0.061944 -12.805400 -0.839382 0.027855 0.542827 128.195000
0.538151 0.058385 0.840824 167.556000 -0.007720 0.997897 -0.064351 -12.861300 -0.842813 0.028140 0.537471 128.663000
0.534649 0.061055 0.842866 168.293000 -0.006609 0.997658 -0.068076 -12.919600 -0.845048 0.030826 0.533801 129.131000
0.531734 0.066713 0.844280 169.019000 -0.006916 0.997201 -0.074441 -12.973800 -0.846883 0.033744 0.530707 129.586000
0.528127 0.069360 0.846328 169.733000 -0.009062 0.997062 -0.076059 -13.032100 -0.849117 0.032499 0.527204 130.040000
0.525344 0.064617 0.848433 170.465000 -0.008254 0.997452 -0.070856 -13.089500 -0.850850 0.030221 0.524539 130.509000
0.523339 0.056583 0.850244 171.187000 -0.005003 0.997980 -0.063335 -13.145100 -0.852110 0.028892 0.522565 130.939000
0.521004 0.051072 0.852025 171.906000 -0.000047 0.998210 -0.059806 -13.198700 -0.853554 0.031119 0.520074 131.367000
0.518439 0.049446 0.853684 172.612000 0.005424 0.998117 -0.061106 -13.247900 -0.855097 0.036310 0.517194 131.792000
0.516069 0.052100 0.854961 173.310000 0.006686 0.997873 -0.064844 -13.298200 -0.856521 0.039180 0.514623 132.218000
0.514144 0.059447 0.855641 173.986000 0.004165 0.997410 -0.071799 -13.349300 -0.857694 0.040479 0.512565 132.624000
0.511710 0.067511 0.856502 174.660000 0.002324 0.996796 -0.079958 -13.413400 -0.859155 0.042906 0.509913 133.045000
0.509646 0.068892 0.857622 175.331000 0.006681 0.996442 -0.084013 -13.462300 -0.860358 0.048547 0.507373 133.448000
0.507103 0.062796 0.859595 176.012000 0.006514 0.997035 -0.076679 -13.515700 -0.861861 0.044483 0.505190 133.850000
0.503922 0.054688 0.862016 176.688000 0.000073 0.997991 -0.063357 -13.564700 -0.863749 0.031990 0.502906 134.254000
0.500747 0.051282 0.864073 177.337000 -0.008181 0.998479 -0.054518 -13.624200 -0.865555 0.020231 0.500405 134.646000
0.498627 0.053725 0.865150 177.978000 -0.009847 0.998364 -0.056322 -13.672600 -0.866761 0.019565 0.498340 135.028000
0.496168 0.056165 0.866408 178.623000 -0.006978 0.998131 -0.060708 -13.710000 -0.868198 0.024076 0.495633 135.396000
0.493747 0.057944 0.867673 179.269000 -0.005185 0.997956 -0.063693 -13.752500 -0.869590 0.026949 0.493038 135.765000
0.491039 0.056925 0.869276 179.909000 -0.005353 0.998041 -0.062333 -13.793600 -0.871121 0.025955 0.490382 136.134000
0.488941 0.055968 0.870520 180.532000 -0.005535 0.998119 -0.061063 -13.839700 -0.872299 0.025038 0.488331 136.480000
0.486288 0.055657 0.872024 181.164000 -0.006361 0.998168 -0.060162 -13.889000 -0.873776 0.023709 0.485751 136.843000
0.483731 0.056103 0.873417 181.787000 -0.004851 0.998100 -0.061425 -13.931600 -0.875203 0.025476 0.483084 137.182000
0.480273 0.057382 0.875240 182.403000 -0.003752 0.997983 -0.063370 -13.979100 -0.877111 0.027151 0.479520 137.520000
0.476170 0.059283 0.877353 183.012000 -0.003692 0.997851 -0.065421 -14.022200 -0.879346 0.027912 0.475365 137.852000
0.470863 0.061758 0.880042 183.594000 -0.004252 0.997694 -0.067740 -14.058000 -0.882196 0.028154 0.470040 138.163000
0.466288 0.064485 0.882280 184.196000 -0.004208 0.997490 -0.070681 -14.095300 -0.884623 0.029245 0.465389 138.477000
0.460572 0.067066 0.885085 184.785000 -0.002793 0.997246 -0.074112 -14.145800 -0.887618 0.031662 0.459491 138.789000
0.454427 0.069525 0.888067 185.388000 -0.000522 0.996970 -0.077784 -14.193700 -0.890784 0.034884 0.453086 139.094000
0.447887 0.072221 0.891168 185.968000 -0.002578 0.996832 -0.079489 -14.240900 -0.894086 0.033305 0.446655 139.385000
0.441166 0.074219 0.894351 186.578000 -0.007164 0.996834 -0.079190 -14.285000 -0.897397 0.028529 0.440301 139.691000
0.434603 0.075358 0.897464 187.194000 -0.010614 0.996853 -0.078563 -14.337300 -0.900559 0.024618 0.434035 139.997000
0.428507 0.077007 0.900251 187.826000 -0.011343 0.996741 -0.079862 -14.379800 -0.903467 0.024010 0.427984 140.293000
0.421042 0.079928 0.903512 188.445000 -0.012414 0.996524 -0.082372 -14.437900 -0.906956 0.023466 0.420571 140.595000
0.413129 0.085187 0.906679 189.063000 -0.015401 0.996126 -0.086573 -14.480100 -0.910542 0.021802 0.412841 140.884000
0.405855 0.088684 0.909624 189.707000 -0.017469 0.995852 -0.089297 -14.538800 -0.913770 0.020351 0.405721 141.177000
0.399308 0.090845 0.912305 190.362000 -0.018239 0.995669 -0.091163 -14.599300 -0.916635 0.019763 0.399236 141.450000
0.391473 0.093291 0.915448 191.016000 -0.018967 0.995454 -0.093334 -14.659500 -0.919994 0.019174 0.391463 141.737000
0.384017 0.095866 0.918336 191.684000 -0.020449 0.995234 -0.095343 -14.718300 -0.923099 0.017834 0.384148 142.022000
0.376908 0.096619 0.921198 192.376000 -0.017181 0.995103 -0.097341 -14.776200 -0.926091 0.020862 0.376722 142.303000
0.369333 0.095327 0.924395 193.076000 -0.014541 0.995196 -0.096819 -14.843700 -0.929183 0.022317 0.368944 142.589000
0.362365 0.092987 0.927386 193.788000 -0.013667 0.995434 -0.094469 -14.905700 -0.931936 0.021557 0.361981 142.864000
0.354352 0.090781 0.930695 194.509000 -0.015203 0.995704 -0.091333 -14.968900 -0.934989 0.018215 0.354209 143.151000
0.348142 0.086523 0.933440 195.247000 -0.014318 0.996106 -0.086991 -15.030200 -0.937332 0.016920 0.348025 143.422000
0.342262 0.082504 0.935976 196.001000 -0.010335 0.996408 -0.084051 -15.095900 -0.939548 0.019094 0.341885 143.692000
0.336476 0.076919 0.938545 196.742000 -0.010581 0.996904 -0.077909 -15.149700 -0.941632 0.016284 0.336249 143.966000
0.330963 0.072112 0.940885 197.520000 -0.009498 0.997280 -0.073093 -15.202400 -0.943596 0.015255 0.330747 144.239000
0.326039 0.071111 0.942678 198.298000 -0.005239 0.997287 -0.073418 -15.263600 -0.945342 0.018999 0.325527 144.508000
0.321803 0.078892 0.943514 199.084000 -0.000777 0.996544 -0.083061 -15.322600 -0.946806 0.025996 0.320752 144.761000
0.317349 0.090308 0.943999 199.870000 0.003139 0.995350 -0.096276 -15.378200 -0.948304 0.033517 0.315590 145.012000
0.313327 0.097215 0.944656 200.680000 0.008937 0.994401 -0.105298 -15.444500 -0.949603 0.041435 0.310703 145.278000
0.309286 0.092839 0.946426 201.477000 0.014721 0.994637 -0.102379 -15.518800 -0.950855 0.045596 0.306261 145.525000
0.304909 0.084620 0.948615 202.356000 0.022168 0.995144 -0.095896 -15.601900 -0.952123 0.050269 0.301553 145.793000
0.300061 0.079199 0.950627 203.215000 0.024582 0.995575 -0.090702 -15.679600 -0.953603 0.050584 0.296786 146.057000
0.295142 0.085275 0.951641 204.062000 0.021274 0.995176 -0.095774 -15.757900 -0.955217 0.048512 0.291904 146.327000
0.290474 0.095051 0.952150 204.903000 0.016189 0.994424 -0.104209 -15.828300 -0.956746 0.045684 0.287316 146.593000
0.285436 0.098178 0.953356 205.771000 0.013065 0.994248 -0.106301 -15.909300 -0.958309 0.042798 0.282512 146.863000
0.279765 0.093834 0.955472 206.644000 0.009992 0.994874 -0.100629 -15.992100 -0.960017 0.037700 0.277393 147.130000
0.274082 0.090389 0.957449 207.523000 0.007776 0.995333 -0.096191 -16.079300 -0.961675 0.033809 0.272100 147.387000
0.268464 0.092011 0.958885 208.400000 0.006126 0.995245 -0.097215 -16.156600 -0.963270 0.031973 0.266623 147.640000
0.263529 0.095850 0.959878 209.309000 0.005420 0.994888 -0.100835 -16.234200 -0.964636 0.031776 0.261663 147.899000
0.258765 0.096056 0.961152 210.200000 0.008463 0.994780 -0.101695 -16.318400 -0.965903 0.034449 0.256601 148.135000
0.254688 0.095318 0.962314 211.114000 0.012628 0.994718 -0.101870 -16.402300 -0.966941 0.038097 0.252139 148.375000
0.250831 0.094243 0.963432 212.040000 0.014346 0.994778 -0.101044 -16.488700 -0.967925 0.039167 0.248169 148.615000
0.247357 0.093580 0.964395 212.952000 0.015906 0.994799 -0.100610 -16.571100 -0.968794 0.040227 0.244582 148.851000
0.243969 0.092756 0.965337 213.877000 0.016898 0.994858 -0.099863 -16.659600 -0.969636 0.040675 0.241147 149.086000
0.241707 0.091631 0.966013 214.811000 0.014908 0.995063 -0.098117 -16.743300 -0.970235 0.038117 0.239148 149.323000
0.239028 0.089185 0.966908 215.751000 0.015502 0.995296 -0.095635 -16.835400 -0.970889 0.037849 0.236521 149.552000
0.236220 0.089403 0.967578 216.680000 0.011660 0.995426 -0.094822 -16.922000 -0.971630 0.033681 0.234098 149.792000
0.234281 0.091987 0.967807 217.622000 0.009794 0.995240 -0.096966 -17.008500 -0.972120 0.032196 0.232265 150.025000
0.232648 0.093371 0.968069 218.560000 0.008915 0.995134 -0.098124 -17.094100 -0.972520 0.031458 0.230684 150.254000
0.230686 0.093215 0.968553 219.488000 0.009766 0.995129 -0.098099 -17.179900 -0.972979 0.032089 0.228652 150.479000
0.229248 0.092519 0.968961 220.431000 0.009566 0.995210 -0.097288 -17.268900 -0.973321 0.031572 0.227265 150.706000
0.227991 0.087246 0.969746 221.356000 0.010926 0.995685 -0.092148 -17.348300 -0.973602 0.031605 0.226054 150.929000
0.226803 0.085761 0.970158 222.306000 0.013780 0.995733 -0.091243 -17.440700 -0.973843 0.034063 0.224653 151.142000
0.224758 0.087260 0.970500 223.237000 0.011141 0.995687 -0.092105 -17.519800 -0.974351 0.031514 0.222816 151.359000
0.223203 0.094440 0.970186 224.156000 0.011399 0.994975 -0.099476 -17.600500 -0.974705 0.033263 0.221005 151.580000
0.221029 0.096332 0.970498 225.078000 0.012287 0.994756 -0.101539 -17.687100 -0.975190 0.034368 0.218686 151.786000
0.218227 0.098112 0.970954 226.003000 0.010149 0.994652 -0.102788 -17.777100 -0.975845 0.032285 0.216064 152.003000
0.215324 0.093620 0.972045 226.941000 0.009287 0.995153 -0.097903 -17.875100 -0.976498 0.030109 0.213411 152.218000
0.212334 0.088488 0.973182 227.882000 0.009125 0.995669 -0.092524 -17.956200 -0.977154 0.028526 0.210607 152.423000
0.208700 0.084282 0.974341 228.819000 0.010227 0.996037 -0.088349 -18.042600 -0.977926 0.028403 0.207011 152.624000
0.204632 0.084713 0.975166 229.747000 0.008459 0.996058 -0.088303 -18.124600 -0.978802 0.026319 0.203109 152.827000
0.200594 0.085861 0.975905 230.680000 0.008610 0.995959 -0.089395 -18.204300 -0.979637 0.026335 0.199044 153.020000
0.196233 0.086748 0.976712 231.607000 0.009129 0.995874 -0.090284 -18.278600 -0.980515 0.026633 0.194632 153.210000
0.192504 0.086084 0.977513 232.544000 0.009191 0.995943 -0.089517 -18.357800 -0.981253 0.026217 0.190932 153.392000
0.187684 0.085418 0.978508 233.463000 0.009970 0.995995 -0.088857 -18.437800 -0.982179 0.026433 0.186080 153.581000
0.183857 0.084641 0.979302 234.384000 0.008962 0.996100 -0.087775 -18.519900 -0.982912 0.024914 0.182382 153.754000
0.179923 0.085330 0.979973 235.313000 0.007481 0.996083 -0.088106 -18.601700 -0.983652 0.023183 0.178580 153.926000
0.175721 0.086275 0.980652 236.236000 0.005264 0.996056 -0.088573 -18.675900 -0.984426 0.020726 0.174574 154.098000
0.171789 0.086121 0.981362 237.161000 0.002566 0.996129 -0.087866 -18.750200 -0.985130 0.017613 0.170903 154.264000
0.167566 0.087357 0.981983 238.096000 -0.001564 0.996089 -0.088345 -18.827900 -0.985860 0.013268 0.167048 154.442000
0.164235 0.091536 0.982165 239.009000 -0.006106 0.995760 -0.091782 -18.911600 -0.986402 0.009076 0.164097 154.605000
0.160925 0.096446 0.982243 239.918000 -0.009022 0.995316 -0.096252 -18.992400 -0.986925 0.006628 0.161041 154.762000
0.157284 0.098880 0.982591 240.837000 -0.010661 0.995087 -0.098430 -19.067300 -0.987496 0.005006 0.157566 154.921000
0.153816 0.096505 0.983375 241.770000 -0.012241 0.995329 -0.095764 -19.154200 -0.988024 0.002693 0.154279 155.075000
0.150226 0.092716 0.984295 242.695000 -0.011427 0.995689 -0.092046 -19.245800 -0.988586 0.002581 0.150638 155.224000
0.147366 0.089462 0.985028 243.627000 -0.010667 0.995987 -0.088862 -19.324800 -0.989024 0.002588 0.147729 155.362000
0.144036 0.089359 0.985530 244.530000 -0.009749 0.995994 -0.088883 -19.396200 -0.989524 0.003195 0.144330 155.506000
0.140510 0.089170 0.986056 245.447000 -0.009098 0.996010 -0.088773 -19.471500 -0.990037 0.003503 0.140761 155.637000
0.136166 0.091006 0.986497 246.349000 -0.009702 0.995847 -0.090529 -19.548600 -0.990639 0.002756 0.136483 155.769000
0.131816 0.094058 0.986802 247.250000 -0.009474 0.995562 -0.093627 -19.627100 -0.991229 0.002993 0.132122 155.889000
0.126632 0.089376 0.987915 248.167000 -0.001001 0.995944 -0.089974 -19.698900 -0.991949 0.010405 0.126208 156.003000
0.122489 0.083984 0.988910 249.077000 -0.000427 0.996418 -0.084568 -19.774600 -0.992470 0.009937 0.122086 156.113000
0.116898 0.084682 0.989527 249.976000 0.000748 0.996350 -0.085354 -19.857100 -0.993144 0.010718 0.116408 156.225000
0.112756 0.097342 0.988843 250.855000 0.002465 0.995159 -0.098245 -19.929400 -0.993620 0.013515 0.111970 156.324000
0.107585 0.109349 0.988164 251.734000 0.004116 0.993875 -0.110429 -20.011200 -0.994187 0.015948 0.106476 156.419000
0.101613 0.113739 0.988301 252.616000 0.002321 0.993413 -0.114566 -20.102300 -0.994821 0.013935 0.100680 156.518000
0.095937 0.108217 0.989487 253.506000 -0.001461 0.994087 -0.108578 -20.198200 -0.995386 0.008971 0.095528 156.613000
0.091241 0.102027 0.990589 254.406000 -0.003541 0.994765 -0.102131 -20.282300 -0.995823 0.005811 0.091124 156.695000
0.085927 0.097331 0.991536 255.301000 -0.005337 0.995247 -0.097233 -20.371100 -0.996287 0.003063 0.086038 156.775000
0.079887 0.097369 0.992037 256.180000 -0.008550 0.995248 -0.096996 -20.452200 -0.996767 -0.000733 0.080340 156.854000
0.072894 0.095359 0.992770 257.067000 -0.011966 0.995431 -0.094736 -20.531700 -0.997268 -0.004974 0.073702 156.924000
0.065588 0.090948 0.993693 257.947000 -0.015598 0.995809 -0.090112 -20.612000 -0.997725 -0.009589 0.066732 156.990000
0.058108 0.087453 0.994472 258.816000 -0.017669 0.996090 -0.086563 -20.694900 -0.998154 -0.012542 0.059426 157.059000
0.051714 0.088921 0.994695 259.705000 -0.013261 0.996001 -0.088348 -20.770200 -0.998574 -0.008622 0.052687 157.103000
0.045060 0.092993 0.994647 260.568000 -0.011548 0.995640 -0.092562 -20.841300 -0.998918 -0.007315 0.045937 157.140000
0.038650 0.095444 0.994684 261.442000 -0.009060 0.995421 -0.095162 -20.911100 -0.999212 -0.005334 0.039338 157.175000
0.032154 0.093498 0.995100 262.327000 -0.009003 0.995602 -0.093255 -20.985700 -0.999442 -0.005960 0.032854 157.210000
0.026002 0.091061 0.995506 263.195000 -0.010097 0.995816 -0.090825 -21.062300 -0.999611 -0.007690 0.026813 157.236000
0.020312 0.089811 0.995752 264.065000 -0.006760 0.995947 -0.089690 -21.136700 -0.999771 -0.004909 0.020837 157.253000
0.015051 0.092017 0.995644 264.943000 -0.005289 0.995750 -0.091946 -21.213900 -0.999873 -0.003882 0.015474 157.271000
0.010798 0.095399 0.995381 265.805000 -0.004947 0.995431 -0.095351 -21.289600 -0.999929 -0.003895 0.011221 157.278000
0.007187 0.097256 0.995233 266.682000 -0.002944 0.995257 -0.097238 -21.360600 -0.999970 -0.002231 0.007439 157.286000
0.005091 0.095989 0.995369 267.557000 0.002766 0.995377 -0.096004 -21.443000 -0.999983 0.003242 0.004802 157.281000
0.003179 0.093637 0.995601 268.436000 0.004385 0.995595 -0.093651 -21.518900 -0.999985 0.004664 0.002754 157.283000
0.000964 0.092100 0.995749 269.300000 0.006327 0.995729 -0.092105 -21.592600 -0.999980 0.006389 0.000378 157.278000
-0.000754 0.091129 0.995839 270.161000 0.008435 0.995804 -0.091119 -21.670500 -0.999964 0.008332 -0.001520 157.278000
-0.001725 0.092678 0.995695 271.034000 0.010020 0.995648 -0.092657 -21.743500 -0.999948 0.009817 -0.002646 157.274000
-0.001830 0.094168 0.995555 271.895000 0.012134 0.995485 -0.094139 -21.819900 -0.999925 0.011907 -0.002964 157.269000
-0.001400 0.095828 0.995397 272.748000 0.015962 0.995273 -0.095794 -21.892800 -0.999872 0.015754 -0.002923 157.263000
-0.000171 0.096844 0.995300 273.589000 0.018033 0.995138 -0.096825 -21.970400 -0.999837 0.017931 -0.001917 157.262000
0.001049 0.097191 0.995265 274.430000 0.019030 0.995084 -0.097193 -22.046300 -0.999818 0.019041 -0.000806 157.262000
0.003004 0.096981 0.995282 275.252000 0.021596 0.995048 -0.097023 -22.123500 -0.999762 0.021786 0.000895 157.270000
0.005469 0.096007 0.995366 276.078000 0.021827 0.995132 -0.096105 -22.203100 -0.999747 0.022252 0.003347 157.261000
0.008284 0.093842 0.995553 276.894000 0.022715 0.995312 -0.094009 -22.282000 -0.999708 0.023393 0.006113 157.263000
0.011226 0.090536 0.995830 277.691000 0.022914 0.995608 -0.090774 -22.356700 -0.999674 0.023838 0.009102 157.280000
0.014689 0.088097 0.996004 278.497000 0.021674 0.995849 -0.088403 -22.420500 -0.999657 0.022886 0.012718 157.296000
0.018020 0.085928 0.996138 279.265000 0.019660 0.996077 -0.086279 -22.494400 -0.999644 0.021139 0.016260 157.310000
0.021806 0.085998 0.996057 280.028000 0.014865 0.996156 -0.086332 -22.563100 -0.999652 0.016689 0.020444 157.337000
0.025369 0.087471 0.995844 280.782000 0.012294 0.996062 -0.087803 -22.625900 -0.999603 0.014471 0.024194 157.368000
0.029130 0.087821 0.995710 281.525000 0.011600 0.996036 -0.088189 -22.680400 -0.999508 0.014119 0.027996 157.405000
0.033200 0.085295 0.995802 282.271000 0.011202 0.996257 -0.085708 -22.748700 -0.999386 0.014001 0.032120 157.421000
0.036494 0.081979 0.995966 283.003000 0.009386 0.996557 -0.082372 -22.812500 -0.999290 0.012355 0.035599 157.453000
0.040209 0.080091 0.995976 283.707000 0.006257 0.996743 -0.080405 -22.875500 -0.999172 0.009465 0.039577 157.496000
0.044117 0.081495 0.995697 284.405000 0.006636 0.996621 -0.081864 -22.928000 -0.999004 0.010219 0.043427 157.529000
0.048568 0.082619 0.995397 285.098000 0.007356 0.996517 -0.083071 -22.987900 -0.998793 0.011357 0.047791 157.556000
0.051865 0.084505 0.995072 285.770000 0.006826 0.996360 -0.084970 -23.046800 -0.998631 0.011199 0.051100 157.595000
0.054903 0.087366 0.994662 286.421000 0.006232 0.996115 -0.087837 -23.101600 -0.998472 0.011021 0.054145 157.638000
0.058179 0.087811 0.994437 287.077000 0.002612 0.996107 -0.088111 -23.159300 -0.998303 0.007724 0.057723 157.684000
0.061407 0.088674 0.994166 287.691000 0.000032 0.996046 -0.088844 -23.207000 -0.998113 0.005488 0.061162 157.726000
0.064711 0.089097 0.993919 288.307000 -0.002100 0.996016 -0.089149 -23.258000 -0.997902 0.003682 0.064640 157.773000
0.067871 0.088282 0.993781 288.919000 -0.002631 0.996090 -0.088307 -23.316600 -0.997691 0.003379 0.067838 157.823000
0.070579 0.089490 0.993484 289.506000 -0.004046 0.995985 -0.089428 -23.368300 -0.997498 0.002292 0.070657 157.872000
0.073894 0.093002 0.992920 290.077000 -0.007484 0.995666 -0.092702 -23.413500 -0.997238 -0.000581 0.074270 157.917000
0.076288 0.092473 0.992788 290.648000 -0.008499 0.995714 -0.092093 -23.464800 -0.997050 -0.001413 0.076747 157.970000
0.079692 0.092443 0.992524 291.219000 -0.009747 0.995715 -0.091958 -23.519300 -0.996772 -0.002346 0.080252 158.022000
0.082367 0.092220 0.992326 291.773000 -0.011664 0.995730 -0.091568 -23.565700 -0.996534 -0.004032 0.083091 158.076000
0.085243 0.092684 0.992040 292.304000 -0.011791 0.995688 -0.092012 -23.618500 -0.996290 -0.003854 0.085969 158.123000
0.088377 0.093337 0.991704 292.828000 -0.012752 0.995625 -0.092570 -23.667200 -0.996006 -0.004465 0.089180 158.178000
0.090906 0.094522 0.991363 293.350000 -0.012994 0.995513 -0.093726 -23.715400 -0.995775 -0.004361 0.091727 158.233000
0.093443 0.095888 0.990996 293.859000 -0.012502 0.995386 -0.095134 -23.761500 -0.995546 -0.003500 0.094211 158.285000
0.095306 0.097306 0.990681 294.357000 -0.013414 0.995246 -0.096464 -23.806600 -0.995358 -0.004096 0.096159 158.339000
0.096964 0.098519 0.990400 294.839000 -0.014593 0.995123 -0.097560 -23.850700 -0.995181 -0.004994 0.097929 158.389000
0.098103 0.100196 0.990119 295.323000 -0.015475 0.994952 -0.099152 -23.896500 -0.995056 -0.005595 0.099158 158.448000
0.099226 0.101628 0.989862 295.817000 -0.016021 0.994805 -0.100530 -23.939100 -0.994936 -0.005883 0.100338 158.499000
0.099682 0.102195 0.989757 296.309000 -0.014899 0.994754 -0.101210 -23.987600 -0.994908 -0.004658 0.100681 158.551000
0.098956 0.102685 0.989780 296.807000 -0.015197 0.994701 -0.101676 -24.031400 -0.994976 -0.004980 0.099992 158.607000
0.097658 0.101893 0.989990 297.275000 -0.017182 0.994769 -0.100690 -24.080100 -0.995072 -0.007177 0.098898 158.656000
0.096233 0.100565 0.990266 297.777000 -0.017526 0.994900 -0.099333 -24.127200 -0.995205 -0.007796 0.097504 158.708000
0.094603 0.101305 0.990347 298.292000 -0.015586 0.994838 -0.100275 -24.172600 -0.995393 -0.005949 0.095694 158.757000
0.092453 0.104256 0.990244 298.807000 -0.013094 0.994545 -0.103486 -24.226400 -0.995631 -0.003399 0.093314 158.812000
0.091127 0.108483 0.989913 299.327000 -0.007500 0.994095 -0.108251 -24.275800 -0.995811 0.002441 0.091402 158.845000
0.089012 0.113601 0.989531 299.858000 -0.004982 0.993513 -0.113610 -24.322400 -0.996018 0.005183 0.089000 158.893000
0.086423 0.116589 0.989413 300.398000 -0.005838 0.993171 -0.116522 -24.373900 -0.996241 0.004294 0.086514 158.943000
0.084703 0.116962 0.989518 300.962000 -0.005823 0.993128 -0.116890 -24.422900 -0.996389 0.004139 0.084802 158.985000
0.082542 0.113904 0.990057 301.528000 -0.001621 0.993461 -0.114160 -24.481900 -0.996586 0.007818 0.082187 159.033000
0.081785 0.109084 0.990662 302.115000 0.007207 0.993901 -0.110036 -24.543200 -0.996624 0.016139 0.080500 159.062000
0.079867 0.108206 0.990915 302.711000 0.008846 0.993975 -0.109253 -24.603300 -0.996766 0.017491 0.078429 159.101000
0.076469 0.111214 0.990850 303.284000 0.004120 0.993716 -0.111853 -24.663300 -0.997063 0.012636 0.075531 159.168000
0.074498 0.113031 0.990795 303.904000 0.002570 0.993531 -0.113537 -24.720600 -0.997218 0.011004 0.073725 159.213000
0.073343 0.111516 0.991052 304.526000 0.007305 0.993642 -0.112348 -24.780400 -0.997280 0.015479 0.072063 159.251000
0.072539 0.109685 0.991316 305.153000 0.011985 0.993767 -0.110833 -24.838600 -0.997294 0.019921 0.070772 159.285000
0.070895 0.109725 0.991430 305.806000 0.013647 0.993732 -0.110956 -24.910300 -0.997390 0.021396 0.068953 159.330000
0.068102 0.111022 0.991482 306.454000 0.009216 0.993677 -0.111901 -24.976600 -0.997636 0.016758 0.066648 159.386000
0.066203 0.113067 0.991379 307.117000 0.007743 0.993471 -0.113823 -25.044600 -0.997776 0.015212 0.064895 159.431000
0.064555 0.116200 0.991126 307.789000 0.006680 0.993125 -0.116870 -25.107300 -0.997892 0.014166 0.063335 159.479000
0.062946 0.118516 0.990955 308.483000 0.008111 0.992830 -0.119256 -25.177500 -0.997984 0.015544 0.061534 159.519000
0.061444 0.117129 0.991214 309.185000 0.004696 0.993046 -0.117636 -25.251600 -0.998100 0.011883 0.060466 159.566000
0.058945 0.116557 0.991433 309.876000 0.001039 0.993152 -0.116821 -25.327300 -0.998261 0.007916 0.058420 159.616000
0.057120 0.117519 0.991427 310.597000 0.000452 0.993045 -0.117737 -25.401400 -0.998367 0.007174 0.056669 159.660000
0.056027 0.122833 0.990845 311.317000 0.004126 0.992366 -0.123255 -25.480000 -0.998421 0.010994 0.055092 159.693000
0.054145 0.128678 0.990207 312.041000 0.005602 0.991607 -0.129166 -25.563000 -0.998517 0.012541 0.052969 159.741000
0.052882 0.132064 0.989830 312.787000 0.005751 0.991160 -0.132549 -25.649400 -0.998584 0.012702 0.051655 159.786000
0.052854 0.129644 0.990151 313.526000 0.010176 0.991416 -0.130352 -25.730800 -0.998550 0.016965 0.051081 159.807000
0.052046 0.124070 0.990908 314.291000 0.015069 0.992042 -0.125003 -25.821400 -0.998531 0.021438 0.049762 159.839000
0.050755 0.121227 0.991326 315.047000 0.018420 0.992323 -0.122292 -25.908000 -0.998541 0.024467 0.048132 159.873000
0.049793 0.121644 0.991324 315.815000 0.020924 0.992210 -0.122804 -25.994900 -0.998540 0.026857 0.046860 159.909000
0.049097 0.123327 0.991151 316.595000 0.021622 0.991984 -0.124502 -26.082700 -0.998560 0.027544 0.046037 159.947000
0.048604 0.124385 0.991043 317.372000 0.022946 0.991815 -0.125607 -26.169500 -0.998555 0.028845 0.045352 159.981000
0.048903 0.123585 0.991128 318.186000 0.023368 0.991902 -0.124834 -26.258700 -0.998530 0.029266 0.045619 160.020000
0.050067 0.121910 0.991278 318.987000 0.024096 0.992086 -0.123226 -26.347500 -0.998455 0.030056 0.046733 160.054000
0.051020 0.120573 0.991393 319.820000 0.024561 0.992234 -0.121939 -26.439600 -0.998396 0.030571 0.047662 160.105000
0.051909 0.120068 0.991408 320.634000 0.024571 0.992292 -0.121462 -26.530400 -0.998349 0.030665 0.048559 160.145000
0.053453 0.118122 0.991559 321.467000 0.024554 0.992523 -0.119560 -26.624200 -0.998268 0.030737 0.050153 160.191000
0.054995 0.116530 0.991663 322.302000 0.024921 0.992697 -0.118033 -26.715700 -0.998176 0.031204 0.051689 160.241000
0.057336 0.115178 0.991689 323.144000 0.027013 0.992780 -0.116866 -26.806200 -0.997989 0.033489 0.053811 160.284000
0.058702 0.114621 0.991673 323.995000 0.027577 0.992821 -0.116386 -26.897700 -0.997895 0.034180 0.055120 160.337000
0.061209 0.115194 0.991455 324.854000 0.027998 0.992729 -0.117071 -26.988100 -0.997732 0.034925 0.057539 160.393000
0.064253 0.114536 0.991339 325.715000 0.029552 0.992738 -0.116613 -27.076800 -0.997496 0.036788 0.060402 160.448000
0.067025 0.112777 0.991357 326.581000 0.031785 0.992846 -0.115095 -27.174500 -0.997245 0.039225 0.062961 160.500000
0.069824 0.111988 0.991253 327.471000 0.032134 0.992910 -0.114439 -27.268300 -0.997042 0.039843 0.065731 160.565000
0.072691 0.112585 0.990980 328.359000 0.033292 0.992781 -0.115232 -27.361400 -0.996799 0.041368 0.068418 160.631000
0.075922 0.112901 0.990701 329.253000 0.034042 0.992696 -0.115737 -27.460600 -0.996533 0.042512 0.071524 160.693000
0.078894 0.114295 0.990309 330.150000 0.032784 0.992571 -0.117168 -27.557700 -0.996344 0.041711 0.074561 160.765000
0.081628 0.115580 0.989938 331.055000 0.029622 0.992533 -0.118325 -27.655900 -0.996223 0.038983 0.077594 160.841000
0.084122 0.116267 0.989649 331.966000 0.027423 0.992523 -0.118936 -27.757400 -0.996078 0.037145 0.080304 160.925000
0.086129 0.116778 0.989416 332.885000 0.024984 0.992541 -0.119321 -27.859200 -0.995971 0.034996 0.082569 161.009000
0.088123 0.115145 0.989432 333.807000 0.025044 0.992726 -0.117759 -27.963000 -0.995795 0.035156 0.084598 161.090000
0.089647 0.113015 0.989541 334.726000 0.024692 0.992984 -0.115646 -28.059200 -0.995668 0.034801 0.086227 161.178000
0.090944 0.110320 0.989727 335.659000 0.024924 0.993282 -0.113006 -28.162300 -0.995544 0.034945 0.087584 161.263000
0.092110 0.109511 0.989708 336.589000 0.026556 0.993310 -0.112382 -28.263700 -0.995395 0.036634 0.088586 161.343000
0.093012 0.112069 0.989338 337.507000 0.027695 0.992970 -0.115084 -28.359800 -0.995280 0.038104 0.089254 161.428000
0.093462 0.111177 0.989396 338.448000 0.027855 0.993065 -0.114220 -28.458400 -0.995233 0.038235 0.089717 161.514000
0.093780 0.109355 0.989569 339.373000 0.025394 0.993363 -0.112181 -28.557700 -0.995269 0.035649 0.090381 161.608000
0.093481 0.107067 0.989847 340.276000 0.023319 0.993693 -0.109686 -28.663200 -0.995348 0.033336 0.090395 161.707000
0.094169 0.108562 0.989619 341.213000 0.021303 0.993589 -0.111024 -28.764000 -0.995328 0.031537 0.091253 161.785000
0.094261 0.109652 0.989490 342.134000 0.021105 0.993472 -0.112104 -28.861200 -0.995324 0.031450 0.091332 161.870000
0.094519 0.110011 0.989426 343.051000 0.020903 0.993437 -0.112454 -28.960100 -0.995304 0.031311 0.091599 161.957000
0.094838 0.110408 0.989351 343.949000 0.019125 0.993445 -0.112698 -29.060300 -0.995309 0.029609 0.092105 162.049000
0.095015 0.111279 0.989237 344.862000 0.019297 0.993340 -0.113594 -29.156200 -0.995289 0.029882 0.092235 162.137000
0.095183 0.111029 0.989249 345.777000 0.018988 0.993377 -0.113320 -29.253000 -0.995279 0.029570 0.092444 162.231000
0.095695 0.109445 0.989376 346.677000 0.019687 0.993535 -0.111809 -29.345500 -0.995216 0.030178 0.092921 162.315000
0.096004 0.110542 0.989224 347.578000 0.018689 0.993439 -0.112827 -29.442300 -0.995205 0.029320 0.093308 162.404000
0.096006 0.112568 0.988995 348.471000 0.018984 0.993197 -0.114889 -29.545200 -0.995200 0.029805 0.093216 162.495000
0.097077 0.114070 0.988718 349.355000 0.021909 0.992925 -0.116706 -29.640100 -0.995036 0.032991 0.093891 162.583000
0.098614 0.110504 0.988971 350.258000 0.024931 0.993229 -0.113466 -29.733000 -0.994813 0.035846 0.095191 162.667000
0.100446 0.107024 0.989170 351.162000 0.026696 0.993550 -0.110209 -29.832700 -0.994584 0.037477 0.096941 162.755000
0.102029 0.108459 0.988851 352.051000 0.030403 0.993234 -0.112076 -29.932500 -0.994317 0.041499 0.098041 162.854000
0.105159 0.113871 0.987915 352.959000 0.036043 0.992333 -0.118217 -30.033900 -0.993802 0.048039 0.100248 162.940000
0.108759 0.116957 0.987164 353.855000 0.039124 0.991781 -0.121815 -30.128600 -0.993298 0.051870 0.103289 163.027000
0.112058 0.116314 0.986871 354.753000 0.042112 0.991678 -0.121662 -30.235000 -0.992809 0.055192 0.106227 163.125000
0.115386 0.115733 0.986556 355.636000 0.043228 0.991663 -0.121388 -30.334900 -0.992380 0.056654 0.109421 163.226000
0.118562 0.118288 0.985876 356.530000 0.043983 0.991279 -0.124226 -30.439600 -0.991972 0.058090 0.112325 163.334000
0.122172 0.117980 0.985472 357.421000 0.043740 0.991305 -0.124101 -30.536800 -0.991545 0.058266 0.115949 163.437000
0.125991 0.114508 0.985401 358.322000 0.043141 0.991744 -0.120761 -30.640400 -0.991093 0.057726 0.120011 163.548000
0.130354 0.110308 0.985312 359.217000 0.040659 0.992361 -0.116476 -30.744100 -0.990634 0.055245 0.124873 163.665000
0.135056 0.108842 0.984842 360.115000 0.039225 0.992582 -0.115077 -30.844500 -0.990061 0.054172 0.129784 163.789000
0.140017 0.108500 0.984186 361.002000 0.036057 0.992760 -0.114575 -30.938200 -0.989492 0.051529 0.135091 163.914000
0.145734 0.107828 0.983430 361.886000 0.034588 0.992880 -0.113990 -31.033000 -0.988719 0.050627 0.140967 164.043000
0.151693 0.107825 0.982529 362.785000 0.033036 0.992924 -0.114066 -31.132000 -0.987875 0.049761 0.147058 164.188000
0.159198 0.109087 0.981201 363.679000 0.031315 0.992818 -0.115460 -31.225400 -0.986750 0.049107 0.154638 164.329000
0.167002 0.110345 0.979762 364.557000 0.028131 0.992780 -0.116607 -31.322800 -0.985555 0.047036 0.162692 164.483000
0.176054 0.111037 0.978098 365.440000 0.026109 0.992742 -0.117399 -31.425500 -0.984034 0.046205 0.171877 164.647000
0.185600 0.111468 0.976283 366.299000 0.024359 0.992718 -0.117975 -31.519900 -0.982323 0.045678 0.181533 164.810000
0.195363 0.111739 0.974345 367.181000 0.022627 0.992710 -0.118382 -31.617400 -0.980470 0.045174 0.191410 164.983000
0.204153 0.111684 0.972547 368.051000 0.020348 0.992772 -0.118278 -31.712100 -0.978727 0.043937 0.200405 165.172000
0.213357 0.111540 0.970586 368.943000 0.018313 0.992830 -0.118122 -31.813500 -0.976803 0.042977 0.209785 165.367000
0.221223 0.111282 0.968853 369.821000 0.016745 0.992888 -0.117866 -31.908700 -0.975079 0.042298 0.217787 165.567000
0.227946 0.111202 0.967303 370.690000 0.014816 0.992946 -0.117641 -32.009600 -0.973561 0.041147 0.224691 165.781000
0.233707 0.111294 0.965916 371.573000 0.013137 0.992975 -0.117591 -32.109200 -0.972218 0.040171 0.230604 165.998000
0.238651 0.112343 0.964585 372.449000 0.011571 0.992886 -0.118502 -32.208500 -0.971036 0.039442 0.235653 166.219000
0.243487 0.111719 0.963448 373.332000 0.011136 0.992957 -0.117955 -32.308300 -0.969840 0.039449 0.240528 166.443000
0.248067 0.111746 0.962276 374.211000 0.009776 0.992985 -0.117832 -32.408200 -0.968694 0.038637 0.245234 166.669000
0.252489 0.111635 0.961138 375.091000 0.009870 0.992973 -0.117925 -32.504600 -0.967549 0.039261 0.249613 166.902000
0.256975 0.112125 0.959892 375.962000 0.009196 0.992918 -0.118445 -32.604600 -0.966374 0.039264 0.254124 167.141000
0.261204 0.111400 0.958834 376.841000 0.009491 0.992974 -0.117952 -32.709200 -0.965237 0.039910 0.258311 167.385000
0.265635 0.110015 0.957776 377.721000 0.008890 0.993146 -0.116543 -32.809500 -0.964033 0.039472 0.262836 167.631000
0.270050 0.108659 0.956695 378.609000 0.007663 0.993338 -0.114984 -32.908800 -0.962816 0.038383 0.267418 167.885000
0.274774 0.106195 0.955626 379.489000 0.008354 0.993581 -0.112814 -33.007200 -0.961473 0.038982 0.272123 168.143000
0.279058 0.104086 0.954617 380.368000 0.007921 0.993825 -0.110677 -33.106300 -0.960242 0.038446 0.276510 168.400000
0.283169 0.102543 0.953572 381.220000 0.006761 0.994030 -0.108902 -33.201700 -0.959046 0.037285 0.280785 168.665000
0.287525 0.102540 0.952268 382.096000 0.006360 0.994026 -0.108957 -33.304300 -0.957752 0.037384 0.285155 168.932000
0.292432 0.105629 0.950435 382.949000 0.004536 0.993716 -0.111835 -33.401200 -0.956276 0.037016 0.290115 169.198000
0.296373 0.108997 0.948832 383.802000 0.001700 0.993405 -0.114649 -33.494900 -0.955071 0.035592 0.294233 169.473000
0.300428 0.109506 0.947498 384.646000 0.000278 0.993377 -0.114897 -33.588200 -0.953805 0.034782 0.298408 169.747000
0.303684 0.105951 0.946863 385.512000 -0.001814 0.993860 -0.110628 -33.682300 -0.952771 0.031879 0.302012 170.032000
0.305899 0.102836 0.946494 386.344000 -0.004944 0.994308 -0.106433 -33.782600 -0.952051 0.027878 0.304666 170.303000
0.307210 0.103860 0.945957 387.168000 -0.008804 0.994294 -0.106308 -33.876900 -0.951601 0.024331 0.306371 170.581000
0.308121 0.109623 0.945010 388.003000 -0.012301 0.993715 -0.111262 -33.966300 -0.951268 0.022658 0.307533 170.868000
0.308794 0.113789 0.944298 388.814000 -0.013589 0.993244 -0.115243 -34.063100 -0.951032 0.022754 0.308254 171.142000
0.309359 0.114129 0.944072 389.643000 -0.015281 0.993240 -0.115065 -34.156500 -0.950822 0.021170 0.309012 171.423000
0.309260 0.110792 0.944502 390.473000 -0.018422 0.993702 -0.110531 -34.249000 -0.950799 0.016784 0.309353 171.706000
0.309338 0.106864 0.944929 391.279000 -0.021130 0.994193 -0.105518 -34.339500 -0.950717 0.012674 0.309799 171.980000
0.309325 0.104954 0.945147 392.103000 -0.022345 0.994419 -0.103113 -34.430000 -0.950694 0.010776 0.309943 172.258000
0.308669 0.104332 0.945430 392.896000 -0.021564 0.994478 -0.102704 -34.511100 -0.950925 0.011314 0.309214 172.530000
0.308342 0.105137 0.945448 393.689000 -0.021165 0.994386 -0.103677 -34.596900 -0.951040 0.011958 0.308836 172.786000
0.307885 0.105987 0.945502 394.492000 -0.021320 0.994295 -0.104514 -34.678900 -0.951185 0.012021 0.308388 173.052000
0.307712 0.102043 0.945992 395.292000 -0.015413 0.994637 -0.102277 -34.761300 -0.951355 0.016891 0.307634 173.309000
0.307929 0.100213 0.946117 396.089000 -0.013789 0.994803 -0.100882 -34.844000 -0.951310 0.018018 0.307710 173.567000
0.307420 0.102702 0.946015 396.874000 -0.014075 0.994541 -0.103396 -34.928800 -0.951470 0.018471 0.307187 173.832000
0.307120 0.107027 0.945634 397.677000 -0.011987 0.994012 -0.108609 -35.013700 -0.951595 0.022021 0.306564 174.093000
0.307209 0.111448 0.945093 398.480000 -0.011190 0.993473 -0.113516 -35.093300 -0.951576 0.024298 0.306451 174.351000
0.306516 0.110481 0.945432 399.291000 -0.012213 0.993616 -0.112152 -35.179400 -0.951787 0.022829 0.305908 174.620000
0.306508 0.107136 0.945820 400.124000 -0.011860 0.993998 -0.108750 -35.267900 -0.951794 0.022115 0.305939 174.892000
0.306076 0.106571 0.946023 400.919000 -0.012307 0.994074 -0.108002 -35.359000 -0.951928 0.021414 0.305574 175.160000
0.305619 0.108046 0.946004 401.737000 -0.012185 0.993903 -0.109580 -35.444000 -0.952076 0.021962 0.305073 175.434000
0.305912 0.111057 0.945560 402.564000 -0.010681 0.993511 -0.113233 -35.528100 -0.952000 0.024540 0.305113 175.704000
0.306621 0.111767 0.945247 403.419000 -0.009545 0.993393 -0.114363 -35.628600 -0.951784 0.026044 0.305662 175.978000
0.306580 0.110176 0.945447 404.261000 -0.009227 0.993576 -0.112793 -35.720500 -0.951800 0.025857 0.305627 176.256000
0.306779 0.107548 0.945685 405.116000 -0.008654 0.993869 -0.110221 -35.807000 -0.951741 0.025630 0.305829 176.544000
0.307475 0.106964 0.945525 405.994000 -0.005937 0.993858 -0.110501 -35.906400 -0.951538 0.028363 0.306222 176.824000
0.308462 0.107089 0.945189 406.861000 -0.001351 0.993691 -0.112143 -35.998200 -0.951236 0.033315 0.306661 177.102000
0.309054 0.106926 0.945015 407.742000 0.002074 0.993581 -0.113100 -36.090500 -0.951042 0.036914 0.306848 177.390000
0.310630 0.104729 0.944744 408.622000 0.004810 0.993726 -0.111740 -36.187500 -0.950519 0.039254 0.308177 177.671000
0.312219 0.103691 0.944334 409.496000 0.010598 0.993584 -0.112603 -36.284600 -0.949951 0.045165 0.309117 177.955000
0.313433 0.102006 0.944116 410.363000 0.014832 0.993567 -0.112273 -36.378000 -0.949495 0.049193 0.309904 178.242000
0.313979 0.098955 0.944259 411.237000 0.013237 0.994001 -0.108569 -36.477000 -0.949338 0.046587 0.310785 178.526000
0.314110 0.093589 0.944762 412.095000 0.010627 0.994720 -0.102071 -36.569000 -0.949327 0.042101 0.311457 178.822000
0.314893 0.090121 0.944839 412.947000 0.010624 0.995085 -0.098454 -36.653400 -0.949068 0.041040 0.312387 179.113000
0.315076 0.091368 0.944658 413.814000 0.010903 0.994941 -0.099867 -36.743400 -0.949004 0.041766 0.312486 179.408000
0.315462 0.093710 0.944300 414.663000 0.011630 0.994655 -0.102593 -36.828300 -0.948867 0.043347 0.312686 179.699000
0.316258 0.095450 0.943859 415.496000 0.012987 0.994397 -0.104912 -36.915800 -0.948584 0.045437 0.313246 179.989000
0.317309 0.093877 0.943664 416.369000 0.014712 0.994481 -0.103880 -37.003600 -0.948208 0.046845 0.314177 180.270000
0.317919 0.091269 0.943715 417.219000 0.016501 0.994673 -0.101756 -37.091500 -0.947974 0.047922 0.314719 180.552000
0.318156 0.089718 0.943784 418.059000 0.015977 0.994863 -0.099959 -37.181900 -0.947904 0.046881 0.315089 180.841000
0.317716 0.090415 0.943865 418.877000 0.014686 0.994855 -0.100243 -37.267400 -0.948072 0.045710 0.314754 181.128000
0.317582 0.090326 0.943919 419.722000 0.014310 0.994883 -0.100018 -37.354100 -0.948123 0.045271 0.314664 181.400000
0.317124 0.088300 0.944265 420.518000 0.015815 0.995025 -0.098358 -37.439700 -0.948252 0.046125 0.314150 181.677000
0.316362 0.085523 0.944776 421.327000 0.016767 0.995268 -0.095708 -37.520200 -0.948491 0.046119 0.313431 181.944000
0.315257 0.084179 0.945266 422.116000 0.016226 0.995434 -0.094059 -37.599200 -0.948868 0.044991 0.312452 182.214000
0.314014 0.083482 0.945741 422.891000 0.017325 0.995457 -0.093623 -37.679600 -0.949260 0.045784 0.311142 182.477000
0.313028 0.084930 0.945939 423.681000 0.019122 0.995228 -0.095684 -37.759000 -0.949551 0.048040 0.309911 182.724000
0.311772 0.089476 0.945935 424.443000 0.018895 0.994775 -0.100323 -37.836400 -0.949969 0.049151 0.308453 182.975000
0.310275 0.094995 0.945889 425.194000 0.016856 0.994289 -0.105385 -37.917800 -0.950498 0.048643 0.306901 183.229000
0.309060 0.099212 0.945853 425.947000 0.016375 0.993841 -0.109596 -37.996600 -0.950902 0.049360 0.305532 183.476000
0.308092 0.100337 0.946051 426.696000 0.016276 0.993721 -0.110693 -38.076000 -0.951217 0.049501 0.304525 183.722000
0.305918 0.096493 0.947155 427.425000 0.015390 0.994219 -0.106259 -38.158300 -0.951933 0.047083 0.302665 183.970000
0.305158 0.092164 0.947831 428.189000 0.015446 0.994696 -0.101694 -38.238700 -0.952176 0.045673 0.302116 184.206000
0.304546 0.090337 0.948204 428.935000 0.017218 0.994808 -0.100307 -38.315300 -0.952342 0.046875 0.301409 184.441000
0.303562 0.091030 0.948453 429.668000 0.018856 0.994657 -0.101499 -38.389700 -0.952625 0.048695 0.300223 184.679000
0.303247 0.093076 0.948355 430.401000 0.018217 0.994470 -0.103427 -38.462000 -0.952738 0.048640 0.299875 184.915000
0.303090 0.093707 0.948343 431.133000 0.018737 0.994375 -0.104244 -38.548300 -0.952778 0.049364 0.299630 185.155000
0.303231 0.094686 0.948201 431.878000 0.020229 0.994187 -0.105747 -38.610100 -0.952702 0.051246 0.299553 185.383000
0.303536 0.094267 0.948145 432.597000 0.022330 0.994117 -0.105986 -38.701700 -0.952558 0.053343 0.299645 185.612000
0.303779 0.095288 0.947965 433.330000 0.023885 0.993912 -0.107561 -38.778400 -0.952443 0.055317 0.299653 185.837000
0.303716 0.096803 0.947832 434.052000 0.022551 0.993816 -0.108726 -38.856300 -0.952496 0.054396 0.299655 186.074000
0.303444 0.096856 0.947914 434.771000 0.023355 0.993765 -0.109017 -38.929300 -0.952563 0.055219 0.299290 186.308000
0.303729 0.095894 0.947920 435.500000 0.023067 0.993890 -0.107936 -39.009300 -0.952479 0.054649 0.299662 186.545000
0.304951 0.094166 0.947701 436.258000 0.024064 0.994020 -0.106512 -39.087900 -0.952064 0.055286 0.300862 186.777000
0.306064 0.092488 0.947508 436.983000 0.024240 0.994190 -0.104874 -39.165000 -0.951702 0.055066 0.302044 187.017000
0.307383 0.090434 0.947279 437.707000 0.024757 0.994377 -0.102964 -39.241600 -0.951264 0.055101 0.303416 187.251000
0.308535 0.089094 0.947031 438.423000 0.024592 0.994524 -0.101574 -39.319300 -0.950895 0.054629 0.304655 187.500000
0.311229 0.089869 0.946076 439.139000 0.023079 0.994510 -0.102062 -39.393000 -0.950055 0.053599 0.307447 187.721000
0.313133 0.091178 0.945322 439.829000 0.021498 0.994445 -0.103037 -39.468400 -0.949466 0.052587 0.309434 187.952000
0.314904 0.092115 0.944643 440.507000 0.020934 0.994363 -0.103942 -39.533300 -0.948893 0.052507 0.311201 188.182000
0.316477 0.092130 0.944116 441.189000 0.019108 0.994451 -0.103447 -39.609300 -0.948408 0.050779 0.312960 188.424000
0.318050 0.090948 0.943702 441.860000 0.018586 0.994599 -0.102117 -39.684400 -0.947892 0.050018 0.314642 188.647000
0.319059 0.089609 0.943489 442.517000 0.017694 0.994783 -0.100465 -39.757100 -0.947570 0.048748 0.315809 188.874000
0.320096 0.089250 0.943172 443.157000 0.017049 0.994849 -0.099926 -39.822000 -0.947232 0.048066 0.316926 189.093000
0.321390 0.089120 0.942744 443.785000 0.017066 0.994855 -0.099864 -39.889900 -0.946793 0.048185 0.318215 189.308000
0.322101 0.088972 0.942515 444.404000 0.017289 0.994855 -0.099821 -39.958400 -0.946547 0.048447 0.318906 189.526000
0.322947 0.088368 0.942282 444.983000 0.018047 0.994875 -0.099486 -40.024600 -0.946245 0.049134 0.319698 189.744000
0.324609 0.087497 0.941793 445.606000 0.019682 0.994872 -0.099212 -40.089100 -0.945643 0.050742 0.321222 189.946000
0.325715 0.088055 0.941359 446.214000 0.019274 0.994828 -0.099726 -40.147500 -0.945272 0.050626 0.322333 190.152000
0.327322 0.088451 0.940764 446.804000 0.018711 0.994807 -0.100042 -40.207800 -0.944728 0.050349 0.323967 190.353000
0.328151 0.088938 0.940429 447.368000 0.017557 0.994812 -0.100207 -40.269600 -0.944462 0.049394 0.324887 190.555000
0.329005 0.089160 0.940110 447.923000 0.017261 0.994799 -0.100387 -40.324500 -0.944170 0.049256 0.325755 190.753000
0.329536 0.089069 0.939932 448.457000 0.017180 0.994810 -0.100292 -40.381600 -0.943987 0.049197 0.326295 190.951000
0.330607 0.088840 0.939578 449.016000 0.015750 0.994902 -0.099613 -40.438200 -0.943637 0.047732 0.327522 191.143000
0.331347 0.088101 0.939387 449.545000 0.014665 0.995030 -0.098493 -40.491100 -0.943395 0.046411 0.328408 191.331000
0.331941 0.087102 0.939270 450.063000 0.014029 0.995162 -0.097243 -40.550700 -0.943196 0.045456 0.329113 191.517000
0.332968 0.086761 0.938938 450.583000 0.014986 0.995145 -0.097269 -40.598300 -0.942819 0.046458 0.330051 191.693000
0.333869 0.087805 0.938521 451.078000 0.015453 0.995008 -0.098587 -40.649500 -0.942493 0.047418 0.330846 191.867000
0.333884 0.090781 0.938232 451.543000 0.014208 0.994754 -0.101307 -40.703800 -0.942507 0.047155 0.330843 192.048000
0.334692 0.093893 0.937638 452.023000 0.012811 0.994478 -0.104158 -40.755900 -0.942240 0.046873 0.331641 192.218000
0.335440 0.095704 0.937188 452.471000 0.012424 0.994290 -0.105981 -40.804300 -0.941980 0.047194 0.332336 192.382000
0.336275 0.096304 0.936827 452.926000 0.014147 0.994129 -0.107273 -40.851700 -0.941657 0.049327 0.332939 192.547000
0.336938 0.096100 0.936610 453.387000 0.015355 0.994084 -0.107521 -40.897300 -0.941402 0.050610 0.333469 192.702000
0.336126 0.094827 0.937031 453.806000 0.015055 0.994250 -0.106018 -40.944800 -0.941697 0.049743 0.332766 192.858000
0.334928 0.093575 0.937586 454.212000 0.013605 0.994472 -0.104113 -40.995300 -0.942145 0.047626 0.331804 193.011000
0.333711 0.092680 0.938108 454.614000 0.013495 0.994584 -0.103060 -41.043300 -0.942579 0.047052 0.330652 193.156000
0.332770 0.092189 0.938491 455.023000 0.013237 0.994655 -0.102400 -41.082200 -0.942915 0.046499 0.329771 193.289000
0.331519 0.091483 0.939003 455.387000 0.013825 0.994710 -0.101792 -41.127000 -0.943347 0.046727 0.328500 193.422000
0.330563 0.091191 0.939368 455.766000 0.013641 0.994755 -0.101368 -41.167300 -0.943686 0.046322 0.327585 193.555000
0.329263 0.090299 0.939911 456.120000 0.013753 0.994853 -0.100396 -41.205300 -0.944138 0.045983 0.326326 193.685000
0.328359 0.089496 0.940304 456.460000 0.014337 0.994914 -0.099700 -41.239100 -0.944444 0.046219 0.325406 193.804000
0.327574 0.088938 0.940630 456.807000 0.014986 0.994945 -0.099292 -41.276500 -0.944707 0.046621 0.324585 193.918000
0.326197 0.088579 0.941143 457.124000 0.014459 0.995016 -0.098661 -41.311800 -0.945191 0.045791 0.323290 194.037000
0.325622 0.088645 0.941335 457.456000 0.013238 0.995070 -0.098285 -41.348700 -0.945407 0.044465 0.322843 194.144000
0.324487 0.088717 0.941721 457.756000 0.011952 0.995128 -0.097866 -41.382000 -0.945815 0.043012 0.321845 194.255000
0.323404 0.089123 0.942055 458.055000 0.012125 0.995083 -0.098302 -41.407700 -0.946183 0.043214 0.320733 194.355000
0.322596 0.089280 0.942317 458.342000 0.013580 0.995003 -0.098921 -41.439500 -0.946439 0.044708 0.319772 194.449000
0.321916 0.090521 0.942431 458.620000 0.014401 0.994836 -0.100473 -41.465700 -0.946659 0.045916 0.318950 194.548000
0.321508 0.091212 0.942503 458.910000 0.014218 0.994773 -0.101121 -41.491700 -0.946800 0.045912 0.318531 194.642000
0.321286 0.090368 0.942660 459.180000 0.014291 0.994860 -0.100242 -41.523100 -0.946874 0.045678 0.318344 194.734000
0.321600 0.090268 0.942563 459.464000 0.013201 0.994921 -0.099786 -41.549900 -0.946784 0.044534 0.318775 194.838000
0.322643 0.090072 0.942225 459.732000 0.012550 0.994967 -0.099411 -41.578400 -0.946437 0.043899 0.319889 194.931000
0.323690 0.090296 0.941845 459.998000 0.011035 0.995008 -0.099185 -41.603300 -0.946099 0.042498 0.321078 195.029000
0.325330 0.090399 0.941270 460.264000 0.009930 0.995038 -0.098995 -41.628800 -0.945548 0.041553 0.322818 195.126000
0.328006 0.090818 0.940300 460.526000 0.009241 0.995012 -0.099326 -41.651400 -0.944630 0.041269 0.325531 195.224000
0.332039 0.090801 0.938885 460.795000 0.009242 0.994995 -0.099495 -41.681300 -0.943220 0.041713 0.329538 195.322000
0.337709 0.090531 0.936887 461.064000 0.009782 0.994973 -0.099670 -41.704000 -0.941200 0.042824 0.335126 195.421000
0.345125 0.091396 0.934096 461.323000 0.008354 0.994909 -0.100433 -41.729600 -0.938520 0.042465 0.342604 195.525000
0.354268 0.092337 0.930574 461.602000 0.006732 0.994836 -0.101277 -41.755200 -0.935120 0.042144 0.351817 195.644000
0.364883 0.093084 0.926389 461.864000 0.005317 0.994765 -0.102049 -41.787500 -0.931038 0.042162 0.362478 195.756000
0.376773 0.093064 0.921619 462.147000 0.005167 0.994714 -0.102558 -41.820400 -0.926291 0.043403 0.374301 195.876000
0.390682 0.093457 0.915769 462.426000 0.003218 0.994688 -0.102884 -41.845700 -0.920520 0.043142 0.388306 196.014000
0.406407 0.095256 0.908713 462.712000 -0.000170 0.994559 -0.104178 -41.872200 -0.913692 0.042184 0.404212 196.159000
0.424810 0.096614 0.900112 462.994000 -0.004548 0.994504 -0.104599 -41.908100 -0.905271 0.040341 0.422915 196.276000
0.443415 0.098531 0.890884 463.273000 -0.006383 0.994261 -0.106788 -41.939100 -0.896294 0.041665 0.441499 196.433000
0.462278 0.100859 0.880980 463.536000 -0.008031 0.993946 -0.109578 -41.967300 -0.886699 0.043581 0.460289 196.586000
0.481975 0.102042 0.870223 463.822000 -0.009428 0.993742 -0.111304 -42.001800 -0.876134 0.045442 0.479921 196.754000
0.501303 0.104431 0.858947 464.070000 -0.015836 0.993631 -0.111564 -42.042000 -0.865127 0.042325 0.499763 196.917000
0.515016 0.109539 0.850153 464.322000 -0.021604 0.993145 -0.114876 -42.057700 -0.856908 0.040797 0.513852 197.087000
0.520736 0.114630 0.845987 464.571000 -0.028355 0.992720 -0.117058 -42.084600 -0.853247 0.036969 0.520196 197.256000
0.519784 0.116329 0.846340 464.825000 -0.030496 0.992581 -0.117701 -42.117700 -0.853753 0.035369 0.519475 197.423000
0.514993 0.117314 0.849128 465.064000 -0.031963 0.992530 -0.117741 -42.151900 -0.856598 0.033495 0.514896 197.570000
0.505905 0.117573 0.854539 465.299000 -0.031251 0.992515 -0.118055 -42.184600 -0.862023 0.033019 0.505793 197.700000
0.492606 0.117120 0.862336 465.536000 -0.027638 0.992508 -0.119012 -42.211400 -0.869814 0.034793 0.492152 197.829000
0.477986 0.116312 0.870632 465.766000 -0.023158 0.992518 -0.119882 -42.242200 -0.878062 0.037140 0.477104 197.934000
0.459938 0.114897 0.880486 466.002000 -0.017525 0.992574 -0.120370 -42.270500 -0.887778 0.039932 0.458536 198.049000
0.440048 0.114184 0.890685 466.244000 -0.014565 0.992660 -0.120061 -42.308100 -0.897856 0.039860 0.438481 198.146000
0.418976 0.114665 0.900728 466.486000 -0.012655 0.992635 -0.120478 -42.333200 -0.907909 0.039079 0.417341 198.247000
0.398232 0.114313 0.910134 466.734000 -0.011653 0.992755 -0.119592 -42.367500 -0.917211 0.037020 0.396679 198.336000
0.378499 0.113720 0.918589 466.997000 -0.009087 0.992833 -0.119167 -42.393600 -0.925557 0.036757 0.376819 198.424000
0.360009 0.112074 0.926193 467.248000 -0.004166 0.992942 -0.118531 -42.432500 -0.932940 0.038814 0.357934 198.504000
0.343737 0.110942 0.932489 467.518000 0.001634 0.992925 -0.118735 -42.466700 -0.939064 0.042338 0.341124 198.577000
0.328335 0.110154 0.938116 467.792000 0.005775 0.992924 -0.118611 -42.498000 -0.944544 0.044362 0.325375 198.661000
0.315084 0.109739 0.942698 468.045000 0.005887 0.993047 -0.117568 -42.533700 -0.949045 0.042594 0.312248 198.732000
0.304069 0.108201 0.946485 468.315000 0.007324 0.993234 -0.115898 -42.560600 -0.952622 0.042173 0.301219 198.823000
0.295738 0.105188 0.949460 468.565000 0.009259 0.993557 -0.112957 -42.592300 -0.955224 0.042197 0.292859 198.883000
0.287586 0.104190 0.952071 468.826000 0.010326 0.993670 -0.111861 -42.619700 -0.957699 0.042001 0.284690 198.980000
0.286134 0.104101 0.952518 469.063000 0.011745 0.993625 -0.112122 -42.649400 -0.958118 0.043269 0.283088 199.040000
0.288949 0.104518 0.951622 469.280000 0.011743 0.993561 -0.112689 -42.672300 -0.957273 0.043736 0.285861 199.100000
0.295957 0.103377 0.949591 469.504000 0.012774 0.993609 -0.112150 -42.698700 -0.955116 0.045321 0.292745 199.162000
0.306225 0.101617 0.946520 469.714000 0.014262 0.993685 -0.111295 -42.726500 -0.951852 0.047580 0.302842 199.228000
0.318541 0.101104 0.942502 469.918000 0.012352 0.993768 -0.110778 -42.746700 -0.947829 0.046930 0.315307 199.300000
0.331415 0.103047 0.937841 470.101000 0.006489 0.993745 -0.111483 -42.767000 -0.943463 0.043033 0.328673 199.389000
0.345266 0.105260 0.932583 470.272000 0.000658 0.993663 -0.112398 -42.791100 -0.938505 0.039421 0.343009 199.466000
0.359810 0.105378 0.927056 470.431000 -0.003186 0.993735 -0.111720 -42.814100 -0.933020 0.037245 0.357892 199.537000
0.373686 0.103319 0.921783 470.589000 -0.006255 0.994035 -0.108882 -42.836700 -0.927534 0.034922 0.372103 199.628000
0.388329 0.101602 0.915902 470.731000 -0.004785 0.994112 -0.108249 -42.848700 -0.921508 0.037653 0.386529 199.704000
0.404431 0.100455 0.909035 470.865000 0.004259 0.993732 -0.111709 -42.863700 -0.914559 0.049050 0.401468 199.752000
0.420513 0.103336 0.901383 470.980000 0.007882 0.993039 -0.117521 -42.880800 -0.907252 0.056524 0.416771 199.811000
0.435752 0.105176 0.893900 471.080000 0.005133 0.992843 -0.119320 -42.899200 -0.900052 0.056583 0.432094 199.878000
0.449806 0.106910 0.886704 471.185000 -0.004018 0.993042 -0.117693 -42.914200 -0.893117 0.049376 0.447106 199.953000
0.462482 0.107406 0.880099 471.283000 -0.010173 0.993213 -0.115864 -42.918500 -0.886570 0.044632 0.460436 200.044000
0.475311 0.106990 0.873288 471.381000 -0.013719 0.993359 -0.114234 -42.930400 -0.879711 0.042316 0.473622 200.111000
0.487357 0.105843 0.866764 471.471000 -0.014571 0.993474 -0.113123 -42.943800 -0.873081 0.042501 0.485719 200.175000
0.499475 0.105554 0.859874 471.555000 -0.015493 0.993479 -0.112956 -42.949600 -0.866190 0.043097 0.497853 200.232000
0.510883 0.105177 0.853192 471.632000 -0.016565 0.993507 -0.112556 -42.959600 -0.859491 0.043369 0.509308 200.288000
0.520956 0.104017 0.847222 471.711000 -0.016431 0.993586 -0.111883 -42.964800 -0.853425 0.044366 0.519324 200.354000
0.530752 0.101778 0.841394 471.780000 -0.016407 0.993811 -0.109866 -42.973300 -0.847368 0.044507 0.529137 200.403000
0.537967 0.102332 0.836732 471.846000 -0.019019 0.993825 -0.109317 -42.981800 -0.842751 0.042895 0.536591 200.460000
0.545319 0.106210 0.831473 471.889000 -0.025736 0.993594 -0.110040 -42.992800 -0.837834 0.038609 0.544559 200.507000
0.553543 0.113091 0.825106 471.928000 -0.035593 0.993045 -0.112230 -43.001400 -0.832059 0.032756 0.553718 200.568000
0.559547 0.118105 0.820340 471.963000 -0.042468 0.992580 -0.113936 -43.006400 -0.827710 0.028914 0.560411 200.611000
0.563763 0.117197 0.817579 472.005000 -0.042729 0.992695 -0.112835 -43.015100 -0.824831 0.028677 0.564652 200.654000
0.570948 0.112388 0.813257 472.052000 -0.038269 0.993152 -0.110382 -43.016300 -0.820094 0.031899 0.571339 200.675000
0.576081 0.107161 0.810338 472.100000 -0.033867 0.993647 -0.107326 -43.022300 -0.816691 0.034384 0.576050 200.708000
0.580049 0.105511 0.807720 472.140000 -0.032973 0.993804 -0.106140 -43.024700 -0.813914 0.034933 0.579934 200.740000
0.584744 0.106902 0.804143 472.167000 -0.037519 0.993782 -0.104830 -43.033900 -0.810350 0.031128 0.585119 200.777000
0.588960 0.109843 0.800663 472.190000 -0.042828 0.993570 -0.104805 -43.037300 -0.807027 0.027435 0.589877 200.812000
0.591856 0.112619 0.798138 472.220000 -0.046815 0.993323 -0.105445 -43.039200 -0.804683 0.025043 0.593176 200.849000
