00: 1241 376
7.188560000000e+02 7.188560000000e+02 6.071928000000e+02 1.852157000000e+02 -3.861448000000e+02
01: 1241 376
7.188560000000e+02 7.188560000000e+02 6.071928000000e+02 1.852157000000e+02 -3.861448000000e+02
02: 1241 376
7.188560000000e+02 7.188560000000e+02 6.071928000000e+02 1.852157000000e+02 -3.861448000000e+02
03: 1242 375
7.215377000000e+02 7.215377000000e+02 6.095593000000e+02 1.728540000000e+02 -3.875744000000e+02
04: 1226 370
7.070912000000e+02 7.070912000000e+02 6.018873000000e+02 1.831104000000e+02 -3.798145000000e+02
05: 1226 370
7.070912000000e+02 7.070912000000e+02 6.018873000000e+02 1.831104000000e+02 -3.798145000000e+02
06: 1226 370
7.070912000000e+02 7.070912000000e+02 6.018873000000e+02 1.831104000000e+02 -3.798145000000e+02
07: 1226 370
7.070912000000e+02 7.070912000000e+02 6.018873000000e+02 1.831104000000e+02 -3.798145000000e+02
08: 1226 370
7.070912000000e+02 7.070912000000e+02 6.018873000000e+02 1.831104000000e+02 -3.798145000000e+02
09: 1226 370
7.070912000000e+02 7.070912000000e+02 6.018873000000e+02 1.831104000000e+02 -3.798145000000e+02
10: 1226 370
7.070912000000e+02 7.070912000000e+02 6.018873000000e+02 1.831104000000e+02 -3.798145000000e+02